1	1	1
1	1.584893192	0.630957345
1	2.511886432	0.39810717
1	3.981071706	0.251188643
1	6.309573445	0.158489319
1	10	0.1
1	15.84893192	0.063095734
1	25.11886432	0.039810717
1	39.81071706	0.025118864
1	63.09573445	0.015848932
1	100	0.01
1	158.4893192	0.006309573
1	251.1886432	0.003981072
1	398.1071706	0.002511886
1	630.9573445	0.001584893
1	1000	0.001
1	1584.893192	0.000630957
1	2511.886432	0.000398107
1	3981.071706	0.000251189
1	6309.573445	0.000158489
1	10000	0.0001
1	15848.93192	6.30957E-05
1	25118.86432	3.98107E-05
1	39810.71706	2.51189E-05
1	63095.73445	1.58489E-05
1	100000	0.00001
1	158489.3192	6.30957E-06
1	251188.6432	3.98107E-06
1	398107.1706	2.51189E-06
1	630957.3445	1.58489E-06
1	1000000	0.000001
1	1584893.192	6.30957E-07
1	2511886.432	3.98107E-07
1	3981071.706	2.51189E-07
1	6309573.445	1.58489E-07
1	10000000	0.0000001
1	15848931.92	6.30957E-08
1	25118864.32	3.98107E-08
1	39810717.06	2.51189E-08
1	63095734.45	1.58489E-08
1	100000000	0.00000001
1	158489319.2	6.30957E-09
1	251188643.2	3.98107E-09
1	398107170.6	2.51189E-09
1	630957344.5	1.58489E-09
1	1000000000	0.000000001
1	1584893192	6.30957E-10
1	2511886432	3.98107E-10
1	3981071706	2.51189E-10
1	6309573445	1.58489E-10
1	10000000000	1E-10
1.584893192	1	0.630957345
1.584893192	1.584893192	1
1.584893192	2.511886432	0.630957344
1.584893192	3.981071706	0.39810717
1.584893192	6.309573445	0.251188643
1.584893192	10	0.158489319
1.584893192	15.84893192	0.1
1.584893192	25.11886432	0.063095734
1.584893192	39.81071706	0.039810717
1.584893192	63.09573445	0.025118864
1.584893192	100	0.015848932
1.584893192	158.4893192	0.01
1.584893192	251.1886432	0.006309573
1.584893192	398.1071706	0.003981072
1.584893192	630.9573445	0.002511886
1.584893192	1000	0.001584893
1.584893192	1584.893192	0.001
1.584893192	2511.886432	0.000630957
1.584893192	3981.071706	0.000398107
1.584893192	6309.573445	0.000251189
1.584893192	10000	0.000158489
1.584893192	15848.93192	0.0001
1.584893192	25118.86432	6.30957E-05
1.584893192	39810.71706	3.98107E-05
1.584893192	63095.73445	2.51189E-05
1.584893192	100000	1.58489E-05
1.584893192	158489.3192	0.00001
1.584893192	251188.6432	6.30957E-06
1.584893192	398107.1706	3.98107E-06
1.584893192	630957.3445	2.51189E-06
1.584893192	1000000	1.58489E-06
1.584893192	1584893.192	0.000001
1.584893192	2511886.432	6.30957E-07
1.584893192	3981071.706	3.98107E-07
1.584893192	6309573.445	2.51189E-07
1.584893192	10000000	1.58489E-07
1.584893192	15848931.92	0.0000001
1.584893192	25118864.32	6.30957E-08
1.584893192	39810717.06	3.98107E-08
1.584893192	63095734.45	2.51189E-08
1.584893192	100000000	1.58489E-08
1.584893192	158489319.2	0.00000001
1.584893192	251188643.2	6.30957E-09
1.584893192	398107170.6	3.98107E-09
1.584893192	630957344.5	2.51189E-09
1.584893192	1000000000	1.58489E-09
1.584893192	1584893192	0.000000001
1.584893192	2511886432	6.30957E-10
1.584893192	3981071706	3.98107E-10
1.584893192	6309573445	2.51189E-10
1.584893192	10000000000	1.58489E-10
2.511886432	1	0.39810717
2.511886432	1.584893192	0.630957344
2.511886432	2.511886432	1
2.511886432	3.981071706	0.630957345
2.511886432	6.309573445	0.398107171
2.511886432	10	0.251188643
2.511886432	15.84893192	0.158489319
2.511886432	25.11886432	0.1
2.511886432	39.81071706	0.063095734
2.511886432	63.09573445	0.039810717
2.511886432	100	0.025118864
2.511886432	158.4893192	0.015848932
2.511886432	251.1886432	0.01
2.511886432	398.1071706	0.006309573
2.511886432	630.9573445	0.003981072
2.511886432	1000	0.002511886
2.511886432	1584.893192	0.001584893
2.511886432	2511.886432	0.001
2.511886432	3981.071706	0.000630957
2.511886432	6309.573445	0.000398107
2.511886432	10000	0.000251189
2.511886432	15848.93192	0.000158489
2.511886432	25118.86432	0.0001
2.511886432	39810.71706	6.30957E-05
2.511886432	63095.73445	3.98107E-05
2.511886432	100000	2.51189E-05
2.511886432	158489.3192	1.58489E-05
2.511886432	251188.6432	0.00001
2.511886432	398107.1706	6.30957E-06
2.511886432	630957.3445	3.98107E-06
2.511886432	1000000	2.51189E-06
2.511886432	1584893.192	1.58489E-06
2.511886432	2511886.432	0.000001
2.511886432	3981071.706	6.30957E-07
2.511886432	6309573.445	3.98107E-07
2.511886432	10000000	2.51189E-07
2.511886432	15848931.92	1.58489E-07
2.511886432	25118864.32	0.0000001
2.511886432	39810717.06	6.30957E-08
2.511886432	63095734.45	3.98107E-08
2.511886432	100000000	2.51189E-08
2.511886432	158489319.2	1.58489E-08
2.511886432	251188643.2	0.00000001
2.511886432	398107170.6	6.30957E-09
2.511886432	630957344.5	3.98107E-09
2.511886432	1000000000	2.51189E-09
2.511886432	1584893192	1.58489E-09
2.511886432	2511886432	0.000000001
2.511886432	3981071706	6.30957E-10
2.511886432	6309573445	3.98107E-10
2.511886432	10000000000	2.51189E-10
3.981071706	1	0.251188643
3.981071706	1.584893192	0.39810717
3.981071706	2.511886432	0.630957345
3.981071706	3.981071706	1
3.981071706	6.309573445	0.630957345
3.981071706	10	0.398107171
3.981071706	15.84893192	0.251188643
3.981071706	25.11886432	0.158489319
3.981071706	39.81071706	0.1
3.981071706	63.09573445	0.063095734
3.981071706	100	0.039810717
3.981071706	158.4893192	0.025118864
3.981071706	251.1886432	0.015848932
3.981071706	398.1071706	0.01
3.981071706	630.9573445	0.006309573
3.981071706	1000	0.003981072
3.981071706	1584.893192	0.002511886
3.981071706	2511.886432	0.001584893
3.981071706	3981.071706	0.001
3.981071706	6309.573445	0.000630957
3.981071706	10000	0.000398107
3.981071706	15848.93192	0.000251189
3.981071706	25118.86432	0.000158489
3.981071706	39810.71706	0.0001
3.981071706	63095.73445	6.30957E-05
3.981071706	100000	3.98107E-05
3.981071706	158489.3192	2.51189E-05
3.981071706	251188.6432	1.58489E-05
3.981071706	398107.1706	0.00001
3.981071706	630957.3445	6.30957E-06
3.981071706	1000000	3.98107E-06
3.981071706	1584893.192	2.51189E-06
3.981071706	2511886.432	1.58489E-06
3.981071706	3981071.706	0.000001
3.981071706	6309573.445	6.30957E-07
3.981071706	10000000	3.98107E-07
3.981071706	15848931.92	2.51189E-07
3.981071706	25118864.32	1.58489E-07
3.981071706	39810717.06	0.0000001
3.981071706	63095734.45	6.30957E-08
3.981071706	100000000	3.98107E-08
3.981071706	158489319.2	2.51189E-08
3.981071706	251188643.2	1.58489E-08
3.981071706	398107170.6	0.00000001
3.981071706	630957344.5	6.30957E-09
3.981071706	1000000000	3.98107E-09
3.981071706	1584893192	2.51189E-09
3.981071706	2511886432	1.58489E-09
3.981071706	3981071706	0.000000001
3.981071706	6309573445	6.30957E-10
3.981071706	10000000000	3.98107E-10
6.309573445	1	0.158489319
6.309573445	1.584893192	0.251188643
6.309573445	2.511886432	0.398107171
6.309573445	3.981071706	0.630957345
6.309573445	6.309573445	1
6.309573445	10	0.630957345
6.309573445	15.84893192	0.398107171
6.309573445	25.11886432	0.251188643
6.309573445	39.81071706	0.158489319
6.309573445	63.09573445	0.1
6.309573445	100	0.063095734
6.309573445	158.4893192	0.039810717
6.309573445	251.1886432	0.025118864
6.309573445	398.1071706	0.015848932
6.309573445	630.9573445	0.01
6.309573445	1000	0.006309573
6.309573445	1584.893192	0.003981072
6.309573445	2511.886432	0.002511886
6.309573445	3981.071706	0.001584893
6.309573445	6309.573445	0.001
6.309573445	10000	0.000630957
6.309573445	15848.93192	0.000398107
6.309573445	25118.86432	0.000251189
6.309573445	39810.71706	0.000158489
6.309573445	63095.73445	0.0001
6.309573445	100000	6.30957E-05
6.309573445	158489.3192	3.98107E-05
6.309573445	251188.6432	2.51189E-05
6.309573445	398107.1706	1.58489E-05
6.309573445	630957.3445	0.00001
6.309573445	1000000	6.30957E-06
6.309573445	1584893.192	3.98107E-06
6.309573445	2511886.432	2.51189E-06
6.309573445	3981071.706	1.58489E-06
6.309573445	6309573.445	0.000001
6.309573445	10000000	6.30957E-07
6.309573445	15848931.92	3.98107E-07
6.309573445	25118864.32	2.51189E-07
6.309573445	39810717.06	1.58489E-07
6.309573445	63095734.45	0.0000001
6.309573445	100000000	6.30957E-08
6.309573445	158489319.2	3.98107E-08
6.309573445	251188643.2	2.51189E-08
6.309573445	398107170.6	1.58489E-08
6.309573445	630957344.5	0.00000001
6.309573445	1000000000	6.30957E-09
6.309573445	1584893192	3.98107E-09
6.309573445	2511886432	2.51189E-09
6.309573445	3981071706	1.58489E-09
6.309573445	6309573445	0.000000001
6.309573445	10000000000	6.30957E-10
10	1	0.1
10	1.584893192	0.158489319
10	2.511886432	0.251188643
10	3.981071706	0.398107171
10	6.309573445	0.630957345
10	10	1
10	15.84893192	0.630957345
10	25.11886432	0.39810717
10	39.81071706	0.251188643
10	63.09573445	0.158489319
10	100	0.1
10	158.4893192	0.063095734
10	251.1886432	0.039810717
10	398.1071706	0.025118864
10	630.9573445	0.015848932
10	1000	0.01
10	1584.893192	0.006309573
10	2511.886432	0.003981072
10	3981.071706	0.002511886
10	6309.573445	0.001584893
10	10000	0.001
10	15848.93192	0.000630957
10	25118.86432	0.000398107
10	39810.71706	0.000251189
10	63095.73445	0.000158489
10	100000	0.0001
10	158489.3192	6.30957E-05
10	251188.6432	3.98107E-05
10	398107.1706	2.51189E-05
10	630957.3445	1.58489E-05
10	1000000	0.00001
10	1584893.192	6.30957E-06
10	2511886.432	3.98107E-06
10	3981071.706	2.51189E-06
10	6309573.445	1.58489E-06
10	10000000	0.000001
10	15848931.92	6.30957E-07
10	25118864.32	3.98107E-07
10	39810717.06	2.51189E-07
10	63095734.45	1.58489E-07
10	100000000	0.0000001
10	158489319.2	6.30957E-08
10	251188643.2	3.98107E-08
10	398107170.6	2.51189E-08
10	630957344.5	1.58489E-08
10	1000000000	0.00000001
10	1584893192	6.30957E-09
10	2511886432	3.98107E-09
10	3981071706	2.51189E-09
10	6309573445	1.58489E-09
10	10000000000	0.000000001
15.84893192	1	0.063095734
15.84893192	1.584893192	0.1
15.84893192	2.511886432	0.158489319
15.84893192	3.981071706	0.251188643
15.84893192	6.309573445	0.398107171
15.84893192	10	0.630957345
15.84893192	15.84893192	1
15.84893192	25.11886432	0.630957344
15.84893192	39.81071706	0.39810717
15.84893192	63.09573445	0.251188643
15.84893192	100	0.158489319
15.84893192	158.4893192	0.1
15.84893192	251.1886432	0.063095734
15.84893192	398.1071706	0.039810717
15.84893192	630.9573445	0.025118864
15.84893192	1000	0.015848932
15.84893192	1584.893192	0.01
15.84893192	2511.886432	0.006309573
15.84893192	3981.071706	0.003981072
15.84893192	6309.573445	0.002511886
15.84893192	10000	0.001584893
15.84893192	15848.93192	0.001
15.84893192	25118.86432	0.000630957
15.84893192	39810.71706	0.000398107
15.84893192	63095.73445	0.000251189
15.84893192	100000	0.000158489
15.84893192	158489.3192	0.0001
15.84893192	251188.6432	6.30957E-05
15.84893192	398107.1706	3.98107E-05
15.84893192	630957.3445	2.51189E-05
15.84893192	1000000	1.58489E-05
15.84893192	1584893.192	0.00001
15.84893192	2511886.432	6.30957E-06
15.84893192	3981071.706	3.98107E-06
15.84893192	6309573.445	2.51189E-06
15.84893192	10000000	1.58489E-06
15.84893192	15848931.92	0.000001
15.84893192	25118864.32	6.30957E-07
15.84893192	39810717.06	3.98107E-07
15.84893192	63095734.45	2.51189E-07
15.84893192	100000000	1.58489E-07
15.84893192	158489319.2	0.0000001
15.84893192	251188643.2	6.30957E-08
15.84893192	398107170.6	3.98107E-08
15.84893192	630957344.5	2.51189E-08
15.84893192	1000000000	1.58489E-08
15.84893192	1584893192	0.00000001
15.84893192	2511886432	6.30957E-09
15.84893192	3981071706	3.98107E-09
15.84893192	6309573445	2.51189E-09
15.84893192	10000000000	1.58489E-09
25.11886432	1	0.039810717
25.11886432	1.584893192	0.063095734
25.11886432	2.511886432	0.1
25.11886432	3.981071706	0.158489319
25.11886432	6.309573445	0.251188643
25.11886432	10	0.39810717
25.11886432	15.84893192	0.630957344
25.11886432	25.11886432	1
25.11886432	39.81071706	0.630957345
25.11886432	63.09573445	0.398107171
25.11886432	100	0.251188643
25.11886432	158.4893192	0.158489319
25.11886432	251.1886432	0.1
25.11886432	398.1071706	0.063095734
25.11886432	630.9573445	0.039810717
25.11886432	1000	0.025118864
25.11886432	1584.893192	0.015848932
25.11886432	2511.886432	0.01
25.11886432	3981.071706	0.006309573
25.11886432	6309.573445	0.003981072
25.11886432	10000	0.002511886
25.11886432	15848.93192	0.001584893
25.11886432	25118.86432	0.001
25.11886432	39810.71706	0.000630957
25.11886432	63095.73445	0.000398107
25.11886432	100000	0.000251189
25.11886432	158489.3192	0.000158489
25.11886432	251188.6432	0.0001
25.11886432	398107.1706	6.30957E-05
25.11886432	630957.3445	3.98107E-05
25.11886432	1000000	2.51189E-05
25.11886432	1584893.192	1.58489E-05
25.11886432	2511886.432	0.00001
25.11886432	3981071.706	6.30957E-06
25.11886432	6309573.445	3.98107E-06
25.11886432	10000000	2.51189E-06
25.11886432	15848931.92	1.58489E-06
25.11886432	25118864.32	0.000001
25.11886432	39810717.06	6.30957E-07
25.11886432	63095734.45	3.98107E-07
25.11886432	100000000	2.51189E-07
25.11886432	158489319.2	1.58489E-07
25.11886432	251188643.2	0.0000001
25.11886432	398107170.6	6.30957E-08
25.11886432	630957344.5	3.98107E-08
25.11886432	1000000000	2.51189E-08
25.11886432	1584893192	1.58489E-08
25.11886432	2511886432	0.00000001
25.11886432	3981071706	6.30957E-09
25.11886432	6309573445	3.98107E-09
25.11886432	10000000000	2.51189E-09
39.81071706	1	0.025118864
39.81071706	1.584893192	0.039810717
39.81071706	2.511886432	0.063095734
39.81071706	3.981071706	0.1
39.81071706	6.309573445	0.158489319
39.81071706	10	0.251188643
39.81071706	15.84893192	0.39810717
39.81071706	25.11886432	0.630957345
39.81071706	39.81071706	1
39.81071706	63.09573445	0.630957345
39.81071706	100	0.398107171
39.81071706	158.4893192	0.251188643
39.81071706	251.1886432	0.158489319
39.81071706	398.1071706	0.1
39.81071706	630.9573445	0.063095734
39.81071706	1000	0.039810717
39.81071706	1584.893192	0.025118864
39.81071706	2511.886432	0.015848932
39.81071706	3981.071706	0.01
39.81071706	6309.573445	0.006309573
39.81071706	10000	0.003981072
39.81071706	15848.93192	0.002511886
39.81071706	25118.86432	0.001584893
39.81071706	39810.71706	0.001
39.81071706	63095.73445	0.000630957
39.81071706	100000	0.000398107
39.81071706	158489.3192	0.000251189
39.81071706	251188.6432	0.000158489
39.81071706	398107.1706	0.0001
39.81071706	630957.3445	6.30957E-05
39.81071706	1000000	3.98107E-05
39.81071706	1584893.192	2.51189E-05
39.81071706	2511886.432	1.58489E-05
39.81071706	3981071.706	0.00001
39.81071706	6309573.445	6.30957E-06
39.81071706	10000000	3.98107E-06
39.81071706	15848931.92	2.51189E-06
39.81071706	25118864.32	1.58489E-06
39.81071706	39810717.06	0.000001
39.81071706	63095734.45	6.30957E-07
39.81071706	100000000	3.98107E-07
39.81071706	158489319.2	2.51189E-07
39.81071706	251188643.2	1.58489E-07
39.81071706	398107170.6	0.0000001
39.81071706	630957344.5	6.30957E-08
39.81071706	1000000000	3.98107E-08
39.81071706	1584893192	2.51189E-08
39.81071706	2511886432	1.58489E-08
39.81071706	3981071706	0.00000001
39.81071706	6309573445	6.30957E-09
39.81071706	10000000000	3.98107E-09
63.09573445	1	0.015848932
63.09573445	1.584893192	0.025118864
63.09573445	2.511886432	0.039810717
63.09573445	3.981071706	0.063095734
63.09573445	6.309573445	0.1
63.09573445	10	0.158489319
63.09573445	15.84893192	0.251188643
63.09573445	25.11886432	0.398107171
63.09573445	39.81071706	0.630957345
63.09573445	63.09573445	1
63.09573445	100	0.630957345
63.09573445	158.4893192	0.398107171
63.09573445	251.1886432	0.251188643
63.09573445	398.1071706	0.158489319
63.09573445	630.9573445	0.1
63.09573445	1000	0.063095734
63.09573445	1584.893192	0.039810717
63.09573445	2511.886432	0.025118864
63.09573445	3981.071706	0.015848932
63.09573445	6309.573445	0.01
63.09573445	10000	0.006309573
63.09573445	15848.93192	0.003981072
63.09573445	25118.86432	0.002511886
63.09573445	39810.71706	0.001584893
63.09573445	63095.73445	0.001
63.09573445	100000	0.000630957
63.09573445	158489.3192	0.000398107
63.09573445	251188.6432	0.000251189
63.09573445	398107.1706	0.000158489
63.09573445	630957.3445	0.0001
63.09573445	1000000	6.30957E-05
63.09573445	1584893.192	3.98107E-05
63.09573445	2511886.432	2.51189E-05
63.09573445	3981071.706	1.58489E-05
63.09573445	6309573.445	0.00001
63.09573445	10000000	6.30957E-06
63.09573445	15848931.92	3.98107E-06
63.09573445	25118864.32	2.51189E-06
63.09573445	39810717.06	1.58489E-06
63.09573445	63095734.45	0.000001
63.09573445	100000000	6.30957E-07
63.09573445	158489319.2	3.98107E-07
63.09573445	251188643.2	2.51189E-07
63.09573445	398107170.6	1.58489E-07
63.09573445	630957344.5	0.0000001
63.09573445	1000000000	6.30957E-08
63.09573445	1584893192	3.98107E-08
63.09573445	2511886432	2.51189E-08
63.09573445	3981071706	1.58489E-08
63.09573445	6309573445	0.00000001
63.09573445	10000000000	6.30957E-09
100	1	0.01
100	1.584893192	0.015848932
100	2.511886432	0.025118864
100	3.981071706	0.039810717
100	6.309573445	0.063095734
100	10	0.1
100	15.84893192	0.158489319
100	25.11886432	0.251188643
100	39.81071706	0.398107171
100	63.09573445	0.630957345
100	100	1
100	158.4893192	0.630957345
100	251.1886432	0.39810717
100	398.1071706	0.251188643
100	630.9573445	0.158489319
100	1000	0.1
100	1584.893192	0.063095734
100	2511.886432	0.039810717
100	3981.071706	0.025118864
100	6309.573445	0.015848932
100	10000	0.01
100	15848.93192	0.006309573
100	25118.86432	0.003981072
100	39810.71706	0.002511886
100	63095.73445	0.001584893
100	100000	0.001
100	158489.3192	0.000630957
100	251188.6432	0.000398107
100	398107.1706	0.000251189
100	630957.3445	0.000158489
100	1000000	0.0001
100	1584893.192	6.30957E-05
100	2511886.432	3.98107E-05
100	3981071.706	2.51189E-05
100	6309573.445	1.58489E-05
100	10000000	0.00001
100	15848931.92	6.30957E-06
100	25118864.32	3.98107E-06
100	39810717.06	2.51189E-06
100	63095734.45	1.58489E-06
100	100000000	0.000001
100	158489319.2	6.30957E-07
100	251188643.2	3.98107E-07
100	398107170.6	2.51189E-07
100	630957344.5	1.58489E-07
100	1000000000	0.0000001
100	1584893192	6.30957E-08
100	2511886432	3.98107E-08
100	3981071706	2.51189E-08
100	6309573445	1.58489E-08
100	10000000000	0.00000001
158.4893192	1	0.006309573
158.4893192	1.584893192	0.01
158.4893192	2.511886432	0.015848932
158.4893192	3.981071706	0.025118864
158.4893192	6.309573445	0.039810717
158.4893192	10	0.063095734
158.4893192	15.84893192	0.1
158.4893192	25.11886432	0.158489319
158.4893192	39.81071706	0.251188643
158.4893192	63.09573445	0.398107171
158.4893192	100	0.630957345
158.4893192	158.4893192	1
158.4893192	251.1886432	0.630957344
158.4893192	398.1071706	0.39810717
158.4893192	630.9573445	0.251188643
158.4893192	1000	0.158489319
158.4893192	1584.893192	0.1
158.4893192	2511.886432	0.063095734
158.4893192	3981.071706	0.039810717
158.4893192	6309.573445	0.025118864
158.4893192	10000	0.015848932
158.4893192	15848.93192	0.01
158.4893192	25118.86432	0.006309573
158.4893192	39810.71706	0.003981072
158.4893192	63095.73445	0.002511886
158.4893192	100000	0.001584893
158.4893192	158489.3192	0.001
158.4893192	251188.6432	0.000630957
158.4893192	398107.1706	0.000398107
158.4893192	630957.3445	0.000251189
158.4893192	1000000	0.000158489
158.4893192	1584893.192	0.0001
158.4893192	2511886.432	6.30957E-05
158.4893192	3981071.706	3.98107E-05
158.4893192	6309573.445	2.51189E-05
158.4893192	10000000	1.58489E-05
158.4893192	15848931.92	0.00001
158.4893192	25118864.32	6.30957E-06
158.4893192	39810717.06	3.98107E-06
158.4893192	63095734.45	2.51189E-06
158.4893192	100000000	1.58489E-06
158.4893192	158489319.2	0.000001
158.4893192	251188643.2	6.30957E-07
158.4893192	398107170.6	3.98107E-07
158.4893192	630957344.5	2.51189E-07
158.4893192	1000000000	1.58489E-07
158.4893192	1584893192	0.0000001
158.4893192	2511886432	6.30957E-08
158.4893192	3981071706	3.98107E-08
158.4893192	6309573445	2.51189E-08
158.4893192	10000000000	1.58489E-08
251.1886432	1	0.003981072
251.1886432	1.584893192	0.006309573
251.1886432	2.511886432	0.01
251.1886432	3.981071706	0.015848932
251.1886432	6.309573445	0.025118864
251.1886432	10	0.039810717
251.1886432	15.84893192	0.063095734
251.1886432	25.11886432	0.1
251.1886432	39.81071706	0.158489319
251.1886432	63.09573445	0.251188643
251.1886432	100	0.39810717
251.1886432	158.4893192	0.630957344
251.1886432	251.1886432	1
251.1886432	398.1071706	0.630957345
251.1886432	630.9573445	0.398107171
251.1886432	1000	0.251188643
251.1886432	1584.893192	0.158489319
251.1886432	2511.886432	0.1
251.1886432	3981.071706	0.063095734
251.1886432	6309.573445	0.039810717
251.1886432	10000	0.025118864
251.1886432	15848.93192	0.015848932
251.1886432	25118.86432	0.01
251.1886432	39810.71706	0.006309573
251.1886432	63095.73445	0.003981072
251.1886432	100000	0.002511886
251.1886432	158489.3192	0.001584893
251.1886432	251188.6432	0.001
251.1886432	398107.1706	0.000630957
251.1886432	630957.3445	0.000398107
251.1886432	1000000	0.000251189
251.1886432	1584893.192	0.000158489
251.1886432	2511886.432	0.0001
251.1886432	3981071.706	6.30957E-05
251.1886432	6309573.445	3.98107E-05
251.1886432	10000000	2.51189E-05
251.1886432	15848931.92	1.58489E-05
251.1886432	25118864.32	0.00001
251.1886432	39810717.06	6.30957E-06
251.1886432	63095734.45	3.98107E-06
251.1886432	100000000	2.51189E-06
251.1886432	158489319.2	1.58489E-06
251.1886432	251188643.2	0.000001
251.1886432	398107170.6	6.30957E-07
251.1886432	630957344.5	3.98107E-07
251.1886432	1000000000	2.51189E-07
251.1886432	1584893192	1.58489E-07
251.1886432	2511886432	0.0000001
251.1886432	3981071706	6.30957E-08
251.1886432	6309573445	3.98107E-08
251.1886432	10000000000	2.51189E-08
398.1071706	1	0.002511886
398.1071706	1.584893192	0.003981072
398.1071706	2.511886432	0.006309573
398.1071706	3.981071706	0.01
398.1071706	6.309573445	0.015848932
398.1071706	10	0.025118864
398.1071706	15.84893192	0.039810717
398.1071706	25.11886432	0.063095734
398.1071706	39.81071706	0.1
398.1071706	63.09573445	0.158489319
398.1071706	100	0.251188643
398.1071706	158.4893192	0.39810717
398.1071706	251.1886432	0.630957345
398.1071706	398.1071706	1
398.1071706	630.9573445	0.630957345
398.1071706	1000	0.398107171
398.1071706	1584.893192	0.251188643
398.1071706	2511.886432	0.158489319
398.1071706	3981.071706	0.1
398.1071706	6309.573445	0.063095734
398.1071706	10000	0.039810717
398.1071706	15848.93192	0.025118864
398.1071706	25118.86432	0.015848932
398.1071706	39810.71706	0.01
398.1071706	63095.73445	0.006309573
398.1071706	100000	0.003981072
398.1071706	158489.3192	0.002511886
398.1071706	251188.6432	0.001584893
398.1071706	398107.1706	0.001
398.1071706	630957.3445	0.000630957
398.1071706	1000000	0.000398107
398.1071706	1584893.192	0.000251189
398.1071706	2511886.432	0.000158489
398.1071706	3981071.706	0.0001
398.1071706	6309573.445	6.30957E-05
398.1071706	10000000	3.98107E-05
398.1071706	15848931.92	2.51189E-05
398.1071706	25118864.32	1.58489E-05
398.1071706	39810717.06	0.00001
398.1071706	63095734.45	6.30957E-06
398.1071706	100000000	3.98107E-06
398.1071706	158489319.2	2.51189E-06
398.1071706	251188643.2	1.58489E-06
398.1071706	398107170.6	0.000001
398.1071706	630957344.5	6.30957E-07
398.1071706	1000000000	3.98107E-07
398.1071706	1584893192	2.51189E-07
398.1071706	2511886432	1.58489E-07
398.1071706	3981071706	0.0000001
398.1071706	6309573445	6.30957E-08
398.1071706	10000000000	3.98107E-08
630.9573445	1	0.001584893
630.9573445	1.584893192	0.002511886
630.9573445	2.511886432	0.003981072
630.9573445	3.981071706	0.006309573
630.9573445	6.309573445	0.01
630.9573445	10	0.015848932
630.9573445	15.84893192	0.025118864
630.9573445	25.11886432	0.039810717
630.9573445	39.81071706	0.063095734
630.9573445	63.09573445	0.1
630.9573445	100	0.158489319
630.9573445	158.4893192	0.251188643
630.9573445	251.1886432	0.398107171
630.9573445	398.1071706	0.630957345
630.9573445	630.9573445	1
630.9573445	1000	0.630957345
630.9573445	1584.893192	0.398107171
630.9573445	2511.886432	0.251188643
630.9573445	3981.071706	0.158489319
630.9573445	6309.573445	0.1
630.9573445	10000	0.063095734
630.9573445	15848.93192	0.039810717
630.9573445	25118.86432	0.025118864
630.9573445	39810.71706	0.015848932
630.9573445	63095.73445	0.01
630.9573445	100000	0.006309573
630.9573445	158489.3192	0.003981072
630.9573445	251188.6432	0.002511886
630.9573445	398107.1706	0.001584893
630.9573445	630957.3445	0.001
630.9573445	1000000	0.000630957
630.9573445	1584893.192	0.000398107
630.9573445	2511886.432	0.000251189
630.9573445	3981071.706	0.000158489
630.9573445	6309573.445	0.0001
630.9573445	10000000	6.30957E-05
630.9573445	15848931.92	3.98107E-05
630.9573445	25118864.32	2.51189E-05
630.9573445	39810717.06	1.58489E-05
630.9573445	63095734.45	0.00001
630.9573445	100000000	6.30957E-06
630.9573445	158489319.2	3.98107E-06
630.9573445	251188643.2	2.51189E-06
630.9573445	398107170.6	1.58489E-06
630.9573445	630957344.5	0.000001
630.9573445	1000000000	6.30957E-07
630.9573445	1584893192	3.98107E-07
630.9573445	2511886432	2.51189E-07
630.9573445	3981071706	1.58489E-07
630.9573445	6309573445	0.0000001
630.9573445	10000000000	6.30957E-08
1000	1	0.001
1000	1.584893192	0.001584893
1000	2.511886432	0.002511886
1000	3.981071706	0.003981072
1000	6.309573445	0.006309573
1000	10	0.01
1000	15.84893192	0.015848932
1000	25.11886432	0.025118864
1000	39.81071706	0.039810717
1000	63.09573445	0.063095734
1000	100	0.1
1000	158.4893192	0.158489319
1000	251.1886432	0.251188643
1000	398.1071706	0.398107171
1000	630.9573445	0.630957345
1000	1000	1
1000	1584.893192	0.630957345
1000	2511.886432	0.39810717
1000	3981.071706	0.251188643
1000	6309.573445	0.158489319
1000	10000	0.1
1000	15848.93192	0.063095734
1000	25118.86432	0.039810717
1000	39810.71706	0.025118864
1000	63095.73445	0.015848932
1000	100000	0.01
1000	158489.3192	0.006309573
1000	251188.6432	0.003981072
1000	398107.1706	0.002511886
1000	630957.3445	0.001584893
1000	1000000	0.001
1000	1584893.192	0.000630957
1000	2511886.432	0.000398107
1000	3981071.706	0.000251189
1000	6309573.445	0.000158489
1000	10000000	0.0001
1000	15848931.92	6.30957E-05
1000	25118864.32	3.98107E-05
1000	39810717.06	2.51189E-05
1000	63095734.45	1.58489E-05
1000	100000000	0.00001
1000	158489319.2	6.30957E-06
1000	251188643.2	3.98107E-06
1000	398107170.6	2.51189E-06
1000	630957344.5	1.58489E-06
1000	1000000000	0.000001
1000	1584893192	6.30957E-07
1000	2511886432	3.98107E-07
1000	3981071706	2.51189E-07
1000	6309573445	1.58489E-07
1000	10000000000	0.0000001
1584.893192	1	0.000630957
1584.893192	1.584893192	0.001
1584.893192	2.511886432	0.001584893
1584.893192	3.981071706	0.002511886
1584.893192	6.309573445	0.003981072
1584.893192	10	0.006309573
1584.893192	15.84893192	0.01
1584.893192	25.11886432	0.015848932
1584.893192	39.81071706	0.025118864
1584.893192	63.09573445	0.039810717
1584.893192	100	0.063095734
1584.893192	158.4893192	0.1
1584.893192	251.1886432	0.158489319
1584.893192	398.1071706	0.251188643
1584.893192	630.9573445	0.398107171
1584.893192	1000	0.630957345
1584.893192	1584.893192	1
1584.893192	2511.886432	0.630957344
1584.893192	3981.071706	0.39810717
1584.893192	6309.573445	0.251188643
1584.893192	10000	0.158489319
1584.893192	15848.93192	0.1
1584.893192	25118.86432	0.063095734
1584.893192	39810.71706	0.039810717
1584.893192	63095.73445	0.025118864
1584.893192	100000	0.015848932
1584.893192	158489.3192	0.01
1584.893192	251188.6432	0.006309573
1584.893192	398107.1706	0.003981072
1584.893192	630957.3445	0.002511886
1584.893192	1000000	0.001584893
1584.893192	1584893.192	0.001
1584.893192	2511886.432	0.000630957
1584.893192	3981071.706	0.000398107
1584.893192	6309573.445	0.000251189
1584.893192	10000000	0.000158489
1584.893192	15848931.92	0.0001
1584.893192	25118864.32	6.30957E-05
1584.893192	39810717.06	3.98107E-05
1584.893192	63095734.45	2.51189E-05
1584.893192	100000000	1.58489E-05
1584.893192	158489319.2	0.00001
1584.893192	251188643.2	6.30957E-06
1584.893192	398107170.6	3.98107E-06
1584.893192	630957344.5	2.51189E-06
1584.893192	1000000000	1.58489E-06
1584.893192	1584893192	0.000001
1584.893192	2511886432	6.30957E-07
1584.893192	3981071706	3.98107E-07
1584.893192	6309573445	2.51189E-07
1584.893192	10000000000	1.58489E-07
2511.886432	1	0.000398107
2511.886432	1.584893192	0.000630957
2511.886432	2.511886432	0.001
2511.886432	3.981071706	0.001584893
2511.886432	6.309573445	0.002511886
2511.886432	10	0.003981072
2511.886432	15.84893192	0.006309573
2511.886432	25.11886432	0.01
2511.886432	39.81071706	0.015848932
2511.886432	63.09573445	0.025118864
2511.886432	100	0.039810717
2511.886432	158.4893192	0.063095734
2511.886432	251.1886432	0.1
2511.886432	398.1071706	0.158489319
2511.886432	630.9573445	0.251188643
2511.886432	1000	0.39810717
2511.886432	1584.893192	0.630957344
2511.886432	2511.886432	1
2511.886432	3981.071706	0.630957345
2511.886432	6309.573445	0.398107171
2511.886432	10000	0.251188643
2511.886432	15848.93192	0.158489319
2511.886432	25118.86432	0.1
2511.886432	39810.71706	0.063095734
2511.886432	63095.73445	0.039810717
2511.886432	100000	0.025118864
2511.886432	158489.3192	0.015848932
2511.886432	251188.6432	0.01
2511.886432	398107.1706	0.006309573
2511.886432	630957.3445	0.003981072
2511.886432	1000000	0.002511886
2511.886432	1584893.192	0.001584893
2511.886432	2511886.432	0.001
2511.886432	3981071.706	0.000630957
2511.886432	6309573.445	0.000398107
2511.886432	10000000	0.000251189
2511.886432	15848931.92	0.000158489
2511.886432	25118864.32	0.0001
2511.886432	39810717.06	6.30957E-05
2511.886432	63095734.45	3.98107E-05
2511.886432	100000000	2.51189E-05
2511.886432	158489319.2	1.58489E-05
2511.886432	251188643.2	0.00001
2511.886432	398107170.6	6.30957E-06
2511.886432	630957344.5	3.98107E-06
2511.886432	1000000000	2.51189E-06
2511.886432	1584893192	1.58489E-06
2511.886432	2511886432	0.000001
2511.886432	3981071706	6.30957E-07
2511.886432	6309573445	3.98107E-07
2511.886432	10000000000	2.51189E-07
3981.071706	1	0.000251189
3981.071706	1.584893192	0.000398107
3981.071706	2.511886432	0.000630957
3981.071706	3.981071706	0.001
3981.071706	6.309573445	0.001584893
3981.071706	10	0.002511886
3981.071706	15.84893192	0.003981072
3981.071706	25.11886432	0.006309573
3981.071706	39.81071706	0.01
3981.071706	63.09573445	0.015848932
3981.071706	100	0.025118864
3981.071706	158.4893192	0.039810717
3981.071706	251.1886432	0.063095734
3981.071706	398.1071706	0.1
3981.071706	630.9573445	0.158489319
3981.071706	1000	0.251188643
3981.071706	1584.893192	0.39810717
3981.071706	2511.886432	0.630957345
3981.071706	3981.071706	1
3981.071706	6309.573445	0.630957345
3981.071706	10000	0.398107171
3981.071706	15848.93192	0.251188643
3981.071706	25118.86432	0.158489319
3981.071706	39810.71706	0.1
3981.071706	63095.73445	0.063095734
3981.071706	100000	0.039810717
3981.071706	158489.3192	0.025118864
3981.071706	251188.6432	0.015848932
3981.071706	398107.1706	0.01
3981.071706	630957.3445	0.006309573
3981.071706	1000000	0.003981072
3981.071706	1584893.192	0.002511886
3981.071706	2511886.432	0.001584893
3981.071706	3981071.706	0.001
3981.071706	6309573.445	0.000630957
3981.071706	10000000	0.000398107
3981.071706	15848931.92	0.000251189
3981.071706	25118864.32	0.000158489
3981.071706	39810717.06	0.0001
3981.071706	63095734.45	6.30957E-05
3981.071706	100000000	3.98107E-05
3981.071706	158489319.2	2.51189E-05
3981.071706	251188643.2	1.58489E-05
3981.071706	398107170.6	0.00001
3981.071706	630957344.5	6.30957E-06
3981.071706	1000000000	3.98107E-06
3981.071706	1584893192	2.51189E-06
3981.071706	2511886432	1.58489E-06
3981.071706	3981071706	0.000001
3981.071706	6309573445	6.30957E-07
3981.071706	10000000000	3.98107E-07
6309.573445	1	0.000158489
6309.573445	1.584893192	0.000251189
6309.573445	2.511886432	0.000398107
6309.573445	3.981071706	0.000630957
6309.573445	6.309573445	0.001
6309.573445	10	0.001584893
6309.573445	15.84893192	0.002511886
6309.573445	25.11886432	0.003981072
6309.573445	39.81071706	0.006309573
6309.573445	63.09573445	0.01
6309.573445	100	0.015848932
6309.573445	158.4893192	0.025118864
6309.573445	251.1886432	0.039810717
6309.573445	398.1071706	0.063095734
6309.573445	630.9573445	0.1
6309.573445	1000	0.158489319
6309.573445	1584.893192	0.251188643
6309.573445	2511.886432	0.398107171
6309.573445	3981.071706	0.630957345
6309.573445	6309.573445	1
6309.573445	10000	0.630957345
6309.573445	15848.93192	0.398107171
6309.573445	25118.86432	0.251188643
6309.573445	39810.71706	0.158489319
6309.573445	63095.73445	0.1
6309.573445	100000	0.063095734
6309.573445	158489.3192	0.039810717
6309.573445	251188.6432	0.025118864
6309.573445	398107.1706	0.015848932
6309.573445	630957.3445	0.01
6309.573445	1000000	0.006309573
6309.573445	1584893.192	0.003981072
6309.573445	2511886.432	0.002511886
6309.573445	3981071.706	0.001584893
6309.573445	6309573.445	0.001
6309.573445	10000000	0.000630957
6309.573445	15848931.92	0.000398107
6309.573445	25118864.32	0.000251189
6309.573445	39810717.06	0.000158489
6309.573445	63095734.45	0.0001
6309.573445	100000000	6.30957E-05
6309.573445	158489319.2	3.98107E-05
6309.573445	251188643.2	2.51189E-05
6309.573445	398107170.6	1.58489E-05
6309.573445	630957344.5	0.00001
6309.573445	1000000000	6.30957E-06
6309.573445	1584893192	3.98107E-06
6309.573445	2511886432	2.51189E-06
6309.573445	3981071706	1.58489E-06
6309.573445	6309573445	0.000001
6309.573445	10000000000	6.30957E-07
10000	1	0.0001
10000	1.584893192	0.000158489
10000	2.511886432	0.000251189
10000	3.981071706	0.000398107
10000	6.309573445	0.000630957
10000	10	0.001
10000	15.84893192	0.001584893
10000	25.11886432	0.002511886
10000	39.81071706	0.003981072
10000	63.09573445	0.006309573
10000	100	0.01
10000	158.4893192	0.015848932
10000	251.1886432	0.025118864
10000	398.1071706	0.039810717
10000	630.9573445	0.063095734
10000	1000	0.1
10000	1584.893192	0.158489319
10000	2511.886432	0.251188643
10000	3981.071706	0.398107171
10000	6309.573445	0.630957345
10000	10000	1
10000	15848.93192	0.630957345
10000	25118.86432	0.39810717
10000	39810.71706	0.251188643
10000	63095.73445	0.158489319
10000	100000	0.1
10000	158489.3192	0.063095734
10000	251188.6432	0.039810717
10000	398107.1706	0.025118864
10000	630957.3445	0.015848932
10000	1000000	0.01
10000	1584893.192	0.006309573
10000	2511886.432	0.003981072
10000	3981071.706	0.002511886
10000	6309573.445	0.001584893
10000	10000000	0.001
10000	15848931.92	0.000630957
10000	25118864.32	0.000398107
10000	39810717.06	0.000251189
10000	63095734.45	0.000158489
10000	100000000	0.0001
10000	158489319.2	6.30957E-05
10000	251188643.2	3.98107E-05
10000	398107170.6	2.51189E-05
10000	630957344.5	1.58489E-05
10000	1000000000	0.00001
10000	1584893192	6.30957E-06
10000	2511886432	3.98107E-06
10000	3981071706	2.51189E-06
10000	6309573445	1.58489E-06
10000	10000000000	0.000001
15848.93192	1	6.30957E-05
15848.93192	1.584893192	0.0001
15848.93192	2.511886432	0.000158489
15848.93192	3.981071706	0.000251189
15848.93192	6.309573445	0.000398107
15848.93192	10	0.000630957
15848.93192	15.84893192	0.001
15848.93192	25.11886432	0.001584893
15848.93192	39.81071706	0.002511886
15848.93192	63.09573445	0.003981072
15848.93192	100	0.006309573
15848.93192	158.4893192	0.01
15848.93192	251.1886432	0.015848932
15848.93192	398.1071706	0.025118864
15848.93192	630.9573445	0.039810717
15848.93192	1000	0.063095734
15848.93192	1584.893192	0.1
15848.93192	2511.886432	0.158489319
15848.93192	3981.071706	0.251188643
15848.93192	6309.573445	0.398107171
15848.93192	10000	0.630957345
15848.93192	15848.93192	1
15848.93192	25118.86432	0.630957344
15848.93192	39810.71706	0.39810717
15848.93192	63095.73445	0.251188643
15848.93192	100000	0.158489319
15848.93192	158489.3192	0.1
15848.93192	251188.6432	0.063095734
15848.93192	398107.1706	0.039810717
15848.93192	630957.3445	0.025118864
15848.93192	1000000	0.015848932
15848.93192	1584893.192	0.01
15848.93192	2511886.432	0.006309573
15848.93192	3981071.706	0.003981072
15848.93192	6309573.445	0.002511886
15848.93192	10000000	0.001584893
15848.93192	15848931.92	0.001
15848.93192	25118864.32	0.000630957
15848.93192	39810717.06	0.000398107
15848.93192	63095734.45	0.000251189
15848.93192	100000000	0.000158489
15848.93192	158489319.2	0.0001
15848.93192	251188643.2	6.30957E-05
15848.93192	398107170.6	3.98107E-05
15848.93192	630957344.5	2.51189E-05
15848.93192	1000000000	1.58489E-05
15848.93192	1584893192	0.00001
15848.93192	2511886432	6.30957E-06
15848.93192	3981071706	3.98107E-06
15848.93192	6309573445	2.51189E-06
15848.93192	10000000000	1.58489E-06
25118.86432	1	3.98107E-05
25118.86432	1.584893192	6.30957E-05
25118.86432	2.511886432	0.0001
25118.86432	3.981071706	0.000158489
25118.86432	6.309573445	0.000251189
25118.86432	10	0.000398107
25118.86432	15.84893192	0.000630957
25118.86432	25.11886432	0.001
25118.86432	39.81071706	0.001584893
25118.86432	63.09573445	0.002511886
25118.86432	100	0.003981072
25118.86432	158.4893192	0.006309573
25118.86432	251.1886432	0.01
25118.86432	398.1071706	0.015848932
25118.86432	630.9573445	0.025118864
25118.86432	1000	0.039810717
25118.86432	1584.893192	0.063095734
25118.86432	2511.886432	0.1
25118.86432	3981.071706	0.158489319
25118.86432	6309.573445	0.251188643
25118.86432	10000	0.39810717
25118.86432	15848.93192	0.630957344
25118.86432	25118.86432	1
25118.86432	39810.71706	0.630957345
25118.86432	63095.73445	0.398107171
25118.86432	100000	0.251188643
25118.86432	158489.3192	0.158489319
25118.86432	251188.6432	0.1
25118.86432	398107.1706	0.063095734
25118.86432	630957.3445	0.039810717
25118.86432	1000000	0.025118864
25118.86432	1584893.192	0.015848932
25118.86432	2511886.432	0.01
25118.86432	3981071.706	0.006309573
25118.86432	6309573.445	0.003981072
25118.86432	10000000	0.002511886
25118.86432	15848931.92	0.001584893
25118.86432	25118864.32	0.001
25118.86432	39810717.06	0.000630957
25118.86432	63095734.45	0.000398107
25118.86432	100000000	0.000251189
25118.86432	158489319.2	0.000158489
25118.86432	251188643.2	0.0001
25118.86432	398107170.6	6.30957E-05
25118.86432	630957344.5	3.98107E-05
25118.86432	1000000000	2.51189E-05
25118.86432	1584893192	1.58489E-05
25118.86432	2511886432	0.00001
25118.86432	3981071706	6.30957E-06
25118.86432	6309573445	3.98107E-06
25118.86432	10000000000	2.51189E-06
39810.71706	1	2.51189E-05
39810.71706	1.584893192	3.98107E-05
39810.71706	2.511886432	6.30957E-05
39810.71706	3.981071706	0.0001
39810.71706	6.309573445	0.000158489
39810.71706	10	0.000251189
39810.71706	15.84893192	0.000398107
39810.71706	25.11886432	0.000630957
39810.71706	39.81071706	0.001
39810.71706	63.09573445	0.001584893
39810.71706	100	0.002511886
39810.71706	158.4893192	0.003981072
39810.71706	251.1886432	0.006309573
39810.71706	398.1071706	0.01
39810.71706	630.9573445	0.015848932
39810.71706	1000	0.025118864
39810.71706	1584.893192	0.039810717
39810.71706	2511.886432	0.063095734
39810.71706	3981.071706	0.1
39810.71706	6309.573445	0.158489319
39810.71706	10000	0.251188643
39810.71706	15848.93192	0.39810717
39810.71706	25118.86432	0.630957345
39810.71706	39810.71706	1
39810.71706	63095.73445	0.630957345
39810.71706	100000	0.398107171
39810.71706	158489.3192	0.251188643
39810.71706	251188.6432	0.158489319
39810.71706	398107.1706	0.1
39810.71706	630957.3445	0.063095734
39810.71706	1000000	0.039810717
39810.71706	1584893.192	0.025118864
39810.71706	2511886.432	0.015848932
39810.71706	3981071.706	0.01
39810.71706	6309573.445	0.006309573
39810.71706	10000000	0.003981072
39810.71706	15848931.92	0.002511886
39810.71706	25118864.32	0.001584893
39810.71706	39810717.06	0.001
39810.71706	63095734.45	0.000630957
39810.71706	100000000	0.000398107
39810.71706	158489319.2	0.000251189
39810.71706	251188643.2	0.000158489
39810.71706	398107170.6	0.0001
39810.71706	630957344.5	6.30957E-05
39810.71706	1000000000	3.98107E-05
39810.71706	1584893192	2.51189E-05
39810.71706	2511886432	1.58489E-05
39810.71706	3981071706	0.00001
39810.71706	6309573445	6.30957E-06
39810.71706	10000000000	3.98107E-06
63095.73445	1	1.58489E-05
63095.73445	1.584893192	2.51189E-05
63095.73445	2.511886432	3.98107E-05
63095.73445	3.981071706	6.30957E-05
63095.73445	6.309573445	0.0001
63095.73445	10	0.000158489
63095.73445	15.84893192	0.000251189
63095.73445	25.11886432	0.000398107
63095.73445	39.81071706	0.000630957
63095.73445	63.09573445	0.001
63095.73445	100	0.001584893
63095.73445	158.4893192	0.002511886
63095.73445	251.1886432	0.003981072
63095.73445	398.1071706	0.006309573
63095.73445	630.9573445	0.01
63095.73445	1000	0.015848932
63095.73445	1584.893192	0.025118864
63095.73445	2511.886432	0.039810717
63095.73445	3981.071706	0.063095734
63095.73445	6309.573445	0.1
63095.73445	10000	0.158489319
63095.73445	15848.93192	0.251188643
63095.73445	25118.86432	0.398107171
63095.73445	39810.71706	0.630957345
63095.73445	63095.73445	1
63095.73445	100000	0.630957345
63095.73445	158489.3192	0.398107171
63095.73445	251188.6432	0.251188643
63095.73445	398107.1706	0.158489319
63095.73445	630957.3445	0.1
63095.73445	1000000	0.063095734
63095.73445	1584893.192	0.039810717
63095.73445	2511886.432	0.025118864
63095.73445	3981071.706	0.015848932
63095.73445	6309573.445	0.01
63095.73445	10000000	0.006309573
63095.73445	15848931.92	0.003981072
63095.73445	25118864.32	0.002511886
63095.73445	39810717.06	0.001584893
63095.73445	63095734.45	0.001
63095.73445	100000000	0.000630957
63095.73445	158489319.2	0.000398107
63095.73445	251188643.2	0.000251189
63095.73445	398107170.6	0.000158489
63095.73445	630957344.5	0.0001
63095.73445	1000000000	6.30957E-05
63095.73445	1584893192	3.98107E-05
63095.73445	2511886432	2.51189E-05
63095.73445	3981071706	1.58489E-05
63095.73445	6309573445	0.00001
63095.73445	10000000000	6.30957E-06
100000	1	0.00001
100000	1.584893192	1.58489E-05
100000	2.511886432	2.51189E-05
100000	3.981071706	3.98107E-05
100000	6.309573445	6.30957E-05
100000	10	0.0001
100000	15.84893192	0.000158489
100000	25.11886432	0.000251189
100000	39.81071706	0.000398107
100000	63.09573445	0.000630957
100000	100	0.001
100000	158.4893192	0.001584893
100000	251.1886432	0.002511886
100000	398.1071706	0.003981072
100000	630.9573445	0.006309573
100000	1000	0.01
100000	1584.893192	0.015848932
100000	2511.886432	0.025118864
100000	3981.071706	0.039810717
100000	6309.573445	0.063095734
100000	10000	0.1
100000	15848.93192	0.158489319
100000	25118.86432	0.251188643
100000	39810.71706	0.398107171
100000	63095.73445	0.630957345
100000	100000	1
100000	158489.3192	0.630957345
100000	251188.6432	0.39810717
100000	398107.1706	0.251188643
100000	630957.3445	0.158489319
100000	1000000	0.1
100000	1584893.192	0.063095734
100000	2511886.432	0.039810717
100000	3981071.706	0.025118864
100000	6309573.445	0.015848932
100000	10000000	0.01
100000	15848931.92	0.006309573
100000	25118864.32	0.003981072
100000	39810717.06	0.002511886
100000	63095734.45	0.001584893
100000	100000000	0.001
100000	158489319.2	0.000630957
100000	251188643.2	0.000398107
100000	398107170.6	0.000251189
100000	630957344.5	0.000158489
100000	1000000000	0.0001
100000	1584893192	6.30957E-05
100000	2511886432	3.98107E-05
100000	3981071706	2.51189E-05
100000	6309573445	1.58489E-05
100000	10000000000	0.00001
158489.3192	1	6.30957E-06
158489.3192	1.584893192	0.00001
158489.3192	2.511886432	1.58489E-05
158489.3192	3.981071706	2.51189E-05
158489.3192	6.309573445	3.98107E-05
158489.3192	10	6.30957E-05
158489.3192	15.84893192	0.0001
158489.3192	25.11886432	0.000158489
158489.3192	39.81071706	0.000251189
158489.3192	63.09573445	0.000398107
158489.3192	100	0.000630957
158489.3192	158.4893192	0.001
158489.3192	251.1886432	0.001584893
158489.3192	398.1071706	0.002511886
158489.3192	630.9573445	0.003981072
158489.3192	1000	0.006309573
158489.3192	1584.893192	0.01
158489.3192	2511.886432	0.015848932
158489.3192	3981.071706	0.025118864
158489.3192	6309.573445	0.039810717
158489.3192	10000	0.063095734
158489.3192	15848.93192	0.1
158489.3192	25118.86432	0.158489319
158489.3192	39810.71706	0.251188643
158489.3192	63095.73445	0.398107171
158489.3192	100000	0.630957345
158489.3192	158489.3192	1
158489.3192	251188.6432	0.630957344
158489.3192	398107.1706	0.39810717
158489.3192	630957.3445	0.251188643
158489.3192	1000000	0.158489319
158489.3192	1584893.192	0.1
158489.3192	2511886.432	0.063095734
158489.3192	3981071.706	0.039810717
158489.3192	6309573.445	0.025118864
158489.3192	10000000	0.015848932
158489.3192	15848931.92	0.01
158489.3192	25118864.32	0.006309573
158489.3192	39810717.06	0.003981072
158489.3192	63095734.45	0.002511886
158489.3192	100000000	0.001584893
158489.3192	158489319.2	0.001
158489.3192	251188643.2	0.000630957
158489.3192	398107170.6	0.000398107
158489.3192	630957344.5	0.000251189
158489.3192	1000000000	0.000158489
158489.3192	1584893192	0.0001
158489.3192	2511886432	6.30957E-05
158489.3192	3981071706	3.98107E-05
158489.3192	6309573445	2.51189E-05
158489.3192	10000000000	1.58489E-05
251188.6432	1	3.98107E-06
251188.6432	1.584893192	6.30957E-06
251188.6432	2.511886432	0.00001
251188.6432	3.981071706	1.58489E-05
251188.6432	6.309573445	2.51189E-05
251188.6432	10	3.98107E-05
251188.6432	15.84893192	6.30957E-05
251188.6432	25.11886432	0.0001
251188.6432	39.81071706	0.000158489
251188.6432	63.09573445	0.000251189
251188.6432	100	0.000398107
251188.6432	158.4893192	0.000630957
251188.6432	251.1886432	0.001
251188.6432	398.1071706	0.001584893
251188.6432	630.9573445	0.002511886
251188.6432	1000	0.003981072
251188.6432	1584.893192	0.006309573
251188.6432	2511.886432	0.01
251188.6432	3981.071706	0.015848932
251188.6432	6309.573445	0.025118864
251188.6432	10000	0.039810717
251188.6432	15848.93192	0.063095734
251188.6432	25118.86432	0.1
251188.6432	39810.71706	0.158489319
251188.6432	63095.73445	0.251188643
251188.6432	100000	0.39810717
251188.6432	158489.3192	0.630957344
251188.6432	251188.6432	1
251188.6432	398107.1706	0.630957345
251188.6432	630957.3445	0.398107171
251188.6432	1000000	0.251188643
251188.6432	1584893.192	0.158489319
251188.6432	2511886.432	0.1
251188.6432	3981071.706	0.063095734
251188.6432	6309573.445	0.039810717
251188.6432	10000000	0.025118864
251188.6432	15848931.92	0.015848932
251188.6432	25118864.32	0.01
251188.6432	39810717.06	0.006309573
251188.6432	63095734.45	0.003981072
251188.6432	100000000	0.002511886
251188.6432	158489319.2	0.001584893
251188.6432	251188643.2	0.001
251188.6432	398107170.6	0.000630957
251188.6432	630957344.5	0.000398107
251188.6432	1000000000	0.000251189
251188.6432	1584893192	0.000158489
251188.6432	2511886432	0.0001
251188.6432	3981071706	6.30957E-05
251188.6432	6309573445	3.98107E-05
251188.6432	10000000000	2.51189E-05
398107.1706	1	2.51189E-06
398107.1706	1.584893192	3.98107E-06
398107.1706	2.511886432	6.30957E-06
398107.1706	3.981071706	0.00001
398107.1706	6.309573445	1.58489E-05
398107.1706	10	2.51189E-05
398107.1706	15.84893192	3.98107E-05
398107.1706	25.11886432	6.30957E-05
398107.1706	39.81071706	0.0001
398107.1706	63.09573445	0.000158489
398107.1706	100	0.000251189
398107.1706	158.4893192	0.000398107
398107.1706	251.1886432	0.000630957
398107.1706	398.1071706	0.001
398107.1706	630.9573445	0.001584893
398107.1706	1000	0.002511886
398107.1706	1584.893192	0.003981072
398107.1706	2511.886432	0.006309573
398107.1706	3981.071706	0.01
398107.1706	6309.573445	0.015848932
398107.1706	10000	0.025118864
398107.1706	15848.93192	0.039810717
398107.1706	25118.86432	0.063095734
398107.1706	39810.71706	0.1
398107.1706	63095.73445	0.158489319
398107.1706	100000	0.251188643
398107.1706	158489.3192	0.39810717
398107.1706	251188.6432	0.630957345
398107.1706	398107.1706	1
398107.1706	630957.3445	0.630957345
398107.1706	1000000	0.398107171
398107.1706	1584893.192	0.251188643
398107.1706	2511886.432	0.158489319
398107.1706	3981071.706	0.1
398107.1706	6309573.445	0.063095734
398107.1706	10000000	0.039810717
398107.1706	15848931.92	0.025118864
398107.1706	25118864.32	0.015848932
398107.1706	39810717.06	0.01
398107.1706	63095734.45	0.006309573
398107.1706	100000000	0.003981072
398107.1706	158489319.2	0.002511886
398107.1706	251188643.2	0.001584893
398107.1706	398107170.6	0.001
398107.1706	630957344.5	0.000630957
398107.1706	1000000000	0.000398107
398107.1706	1584893192	0.000251189
398107.1706	2511886432	0.000158489
398107.1706	3981071706	0.0001
398107.1706	6309573445	6.30957E-05
398107.1706	10000000000	3.98107E-05
630957.3445	1	1.58489E-06
630957.3445	1.584893192	2.51189E-06
630957.3445	2.511886432	3.98107E-06
630957.3445	3.981071706	6.30957E-06
630957.3445	6.309573445	0.00001
630957.3445	10	1.58489E-05
630957.3445	15.84893192	2.51189E-05
630957.3445	25.11886432	3.98107E-05
630957.3445	39.81071706	6.30957E-05
630957.3445	63.09573445	0.0001
630957.3445	100	0.000158489
630957.3445	158.4893192	0.000251189
630957.3445	251.1886432	0.000398107
630957.3445	398.1071706	0.000630957
630957.3445	630.9573445	0.001
630957.3445	1000	0.001584893
630957.3445	1584.893192	0.002511886
630957.3445	2511.886432	0.003981072
630957.3445	3981.071706	0.006309573
630957.3445	6309.573445	0.01
630957.3445	10000	0.015848932
630957.3445	15848.93192	0.025118864
630957.3445	25118.86432	0.039810717
630957.3445	39810.71706	0.063095734
630957.3445	63095.73445	0.1
630957.3445	100000	0.158489319
630957.3445	158489.3192	0.251188643
630957.3445	251188.6432	0.398107171
630957.3445	398107.1706	0.630957345
630957.3445	630957.3445	1
630957.3445	1000000	0.630957345
630957.3445	1584893.192	0.398107171
630957.3445	2511886.432	0.251188643
630957.3445	3981071.706	0.158489319
630957.3445	6309573.445	0.1
630957.3445	10000000	0.063095734
630957.3445	15848931.92	0.039810717
630957.3445	25118864.32	0.025118864
630957.3445	39810717.06	0.015848932
630957.3445	63095734.45	0.01
630957.3445	100000000	0.006309573
630957.3445	158489319.2	0.003981072
630957.3445	251188643.2	0.002511886
630957.3445	398107170.6	0.001584893
630957.3445	630957344.5	0.001
630957.3445	1000000000	0.000630957
630957.3445	1584893192	0.000398107
630957.3445	2511886432	0.000251189
630957.3445	3981071706	0.000158489
630957.3445	6309573445	0.0001
630957.3445	10000000000	6.30957E-05
1000000	1	0.000001
1000000	1.584893192	1.58489E-06
1000000	2.511886432	2.51189E-06
1000000	3.981071706	3.98107E-06
1000000	6.309573445	6.30957E-06
1000000	10	0.00001
1000000	15.84893192	1.58489E-05
1000000	25.11886432	2.51189E-05
1000000	39.81071706	3.98107E-05
1000000	63.09573445	6.30957E-05
1000000	100	0.0001
1000000	158.4893192	0.000158489
1000000	251.1886432	0.000251189
1000000	398.1071706	0.000398107
1000000	630.9573445	0.000630957
1000000	1000	0.001
1000000	1584.893192	0.001584893
1000000	2511.886432	0.002511886
1000000	3981.071706	0.003981072
1000000	6309.573445	0.006309573
1000000	10000	0.01
1000000	15848.93192	0.015848932
1000000	25118.86432	0.025118864
1000000	39810.71706	0.039810717
1000000	63095.73445	0.063095734
1000000	100000	0.1
1000000	158489.3192	0.158489319
1000000	251188.6432	0.251188643
1000000	398107.1706	0.398107171
1000000	630957.3445	0.630957345
1000000	1000000	1
1000000	1584893.192	0.630957345
1000000	2511886.432	0.39810717
1000000	3981071.706	0.251188643
1000000	6309573.445	0.158489319
1000000	10000000	0.1
1000000	15848931.92	0.063095734
1000000	25118864.32	0.039810717
1000000	39810717.06	0.025118864
1000000	63095734.45	0.015848932
1000000	100000000	0.01
1000000	158489319.2	0.006309573
1000000	251188643.2	0.003981072
1000000	398107170.6	0.002511886
1000000	630957344.5	0.001584893
1000000	1000000000	0.001
1000000	1584893192	0.000630957
1000000	2511886432	0.000398107
1000000	3981071706	0.000251189
1000000	6309573445	0.000158489
1000000	10000000000	0.0001
1584893.192	1	6.30957E-07
1584893.192	1.584893192	0.000001
1584893.192	2.511886432	1.58489E-06
1584893.192	3.981071706	2.51189E-06
1584893.192	6.309573445	3.98107E-06
1584893.192	10	6.30957E-06
1584893.192	15.84893192	0.00001
1584893.192	25.11886432	1.58489E-05
1584893.192	39.81071706	2.51189E-05
1584893.192	63.09573445	3.98107E-05
1584893.192	100	6.30957E-05
1584893.192	158.4893192	0.0001
1584893.192	251.1886432	0.000158489
1584893.192	398.1071706	0.000251189
1584893.192	630.9573445	0.000398107
1584893.192	1000	0.000630957
1584893.192	1584.893192	0.001
1584893.192	2511.886432	0.001584893
1584893.192	3981.071706	0.002511886
1584893.192	6309.573445	0.003981072
1584893.192	10000	0.006309573
1584893.192	15848.93192	0.01
1584893.192	25118.86432	0.015848932
1584893.192	39810.71706	0.025118864
1584893.192	63095.73445	0.039810717
1584893.192	100000	0.063095734
1584893.192	158489.3192	0.1
1584893.192	251188.6432	0.158489319
1584893.192	398107.1706	0.251188643
1584893.192	630957.3445	0.398107171
1584893.192	1000000	0.630957345
1584893.192	1584893.192	1
1584893.192	2511886.432	0.630957344
1584893.192	3981071.706	0.39810717
1584893.192	6309573.445	0.251188643
1584893.192	10000000	0.158489319
1584893.192	15848931.92	0.1
1584893.192	25118864.32	0.063095734
1584893.192	39810717.06	0.039810717
1584893.192	63095734.45	0.025118864
1584893.192	100000000	0.015848932
1584893.192	158489319.2	0.01
1584893.192	251188643.2	0.006309573
1584893.192	398107170.6	0.003981072
1584893.192	630957344.5	0.002511886
1584893.192	1000000000	0.001584893
1584893.192	1584893192	0.001
1584893.192	2511886432	0.000630957
1584893.192	3981071706	0.000398107
1584893.192	6309573445	0.000251189
1584893.192	10000000000	0.000158489
2511886.432	1	3.98107E-07
2511886.432	1.584893192	6.30957E-07
2511886.432	2.511886432	0.000001
2511886.432	3.981071706	1.58489E-06
2511886.432	6.309573445	2.51189E-06
2511886.432	10	3.98107E-06
2511886.432	15.84893192	6.30957E-06
2511886.432	25.11886432	0.00001
2511886.432	39.81071706	1.58489E-05
2511886.432	63.09573445	2.51189E-05
2511886.432	100	3.98107E-05
2511886.432	158.4893192	6.30957E-05
2511886.432	251.1886432	0.0001
2511886.432	398.1071706	0.000158489
2511886.432	630.9573445	0.000251189
2511886.432	1000	0.000398107
2511886.432	1584.893192	0.000630957
2511886.432	2511.886432	0.001
2511886.432	3981.071706	0.001584893
2511886.432	6309.573445	0.002511886
2511886.432	10000	0.003981072
2511886.432	15848.93192	0.006309573
2511886.432	25118.86432	0.01
2511886.432	39810.71706	0.015848932
2511886.432	63095.73445	0.025118864
2511886.432	100000	0.039810717
2511886.432	158489.3192	0.063095734
2511886.432	251188.6432	0.1
2511886.432	398107.1706	0.158489319
2511886.432	630957.3445	0.251188643
2511886.432	1000000	0.39810717
2511886.432	1584893.192	0.630957344
2511886.432	2511886.432	1
2511886.432	3981071.706	0.630957345
2511886.432	6309573.445	0.398107171
2511886.432	10000000	0.251188643
2511886.432	15848931.92	0.158489319
2511886.432	25118864.32	0.1
2511886.432	39810717.06	0.063095734
2511886.432	63095734.45	0.039810717
2511886.432	100000000	0.025118864
2511886.432	158489319.2	0.015848932
2511886.432	251188643.2	0.01
2511886.432	398107170.6	0.006309573
2511886.432	630957344.5	0.003981072
2511886.432	1000000000	0.002511886
2511886.432	1584893192	0.001584893
2511886.432	2511886432	0.001
2511886.432	3981071706	0.000630957
2511886.432	6309573445	0.000398107
2511886.432	10000000000	0.000251189
3981071.706	1	2.51189E-07
3981071.706	1.584893192	3.98107E-07
3981071.706	2.511886432	6.30957E-07
3981071.706	3.981071706	0.000001
3981071.706	6.309573445	1.58489E-06
3981071.706	10	2.51189E-06
3981071.706	15.84893192	3.98107E-06
3981071.706	25.11886432	6.30957E-06
3981071.706	39.81071706	0.00001
3981071.706	63.09573445	1.58489E-05
3981071.706	100	2.51189E-05
3981071.706	158.4893192	3.98107E-05
3981071.706	251.1886432	6.30957E-05
3981071.706	398.1071706	0.0001
3981071.706	630.9573445	0.000158489
3981071.706	1000	0.000251189
3981071.706	1584.893192	0.000398107
3981071.706	2511.886432	0.000630957
3981071.706	3981.071706	0.001
3981071.706	6309.573445	0.001584893
3981071.706	10000	0.002511886
3981071.706	15848.93192	0.003981072
3981071.706	25118.86432	0.006309573
3981071.706	39810.71706	0.01
3981071.706	63095.73445	0.015848932
3981071.706	100000	0.025118864
3981071.706	158489.3192	0.039810717
3981071.706	251188.6432	0.063095734
3981071.706	398107.1706	0.1
3981071.706	630957.3445	0.158489319
3981071.706	1000000	0.251188643
3981071.706	1584893.192	0.39810717
3981071.706	2511886.432	0.630957345
3981071.706	3981071.706	1
3981071.706	6309573.445	0.630957345
3981071.706	10000000	0.398107171
3981071.706	15848931.92	0.251188643
3981071.706	25118864.32	0.158489319
3981071.706	39810717.06	0.1
3981071.706	63095734.45	0.063095734
3981071.706	100000000	0.039810717
3981071.706	158489319.2	0.025118864
3981071.706	251188643.2	0.015848932
3981071.706	398107170.6	0.01
3981071.706	630957344.5	0.006309573
3981071.706	1000000000	0.003981072
3981071.706	1584893192	0.002511886
3981071.706	2511886432	0.001584893
3981071.706	3981071706	0.001
3981071.706	6309573445	0.000630957
3981071.706	10000000000	0.000398107
6309573.445	1	1.58489E-07
6309573.445	1.584893192	2.51189E-07
6309573.445	2.511886432	3.98107E-07
6309573.445	3.981071706	6.30957E-07
6309573.445	6.309573445	0.000001
6309573.445	10	1.58489E-06
6309573.445	15.84893192	2.51189E-06
6309573.445	25.11886432	3.98107E-06
6309573.445	39.81071706	6.30957E-06
6309573.445	63.09573445	0.00001
6309573.445	100	1.58489E-05
6309573.445	158.4893192	2.51189E-05
6309573.445	251.1886432	3.98107E-05
6309573.445	398.1071706	6.30957E-05
6309573.445	630.9573445	0.0001
6309573.445	1000	0.000158489
6309573.445	1584.893192	0.000251189
6309573.445	2511.886432	0.000398107
6309573.445	3981.071706	0.000630957
6309573.445	6309.573445	0.001
6309573.445	10000	0.001584893
6309573.445	15848.93192	0.002511886
6309573.445	25118.86432	0.003981072
6309573.445	39810.71706	0.006309573
6309573.445	63095.73445	0.01
6309573.445	100000	0.015848932
6309573.445	158489.3192	0.025118864
6309573.445	251188.6432	0.039810717
6309573.445	398107.1706	0.063095734
6309573.445	630957.3445	0.1
6309573.445	1000000	0.158489319
6309573.445	1584893.192	0.251188643
6309573.445	2511886.432	0.398107171
6309573.445	3981071.706	0.630957345
6309573.445	6309573.445	1
6309573.445	10000000	0.630957345
6309573.445	15848931.92	0.398107171
6309573.445	25118864.32	0.251188643
6309573.445	39810717.06	0.158489319
6309573.445	63095734.45	0.1
6309573.445	100000000	0.063095734
6309573.445	158489319.2	0.039810717
6309573.445	251188643.2	0.025118864
6309573.445	398107170.6	0.015848932
6309573.445	630957344.5	0.01
6309573.445	1000000000	0.006309573
6309573.445	1584893192	0.003981072
6309573.445	2511886432	0.002511886
6309573.445	3981071706	0.001584893
6309573.445	6309573445	0.001
6309573.445	10000000000	0.000630957
10000000	1	0.0000001
10000000	1.584893192	1.58489E-07
10000000	2.511886432	2.51189E-07
10000000	3.981071706	3.98107E-07
10000000	6.309573445	6.30957E-07
10000000	10	0.000001
10000000	15.84893192	1.58489E-06
10000000	25.11886432	2.51189E-06
10000000	39.81071706	3.98107E-06
10000000	63.09573445	6.30957E-06
10000000	100	0.00001
10000000	158.4893192	1.58489E-05
10000000	251.1886432	2.51189E-05
10000000	398.1071706	3.98107E-05
10000000	630.9573445	6.30957E-05
10000000	1000	0.0001
10000000	1584.893192	0.000158489
10000000	2511.886432	0.000251189
10000000	3981.071706	0.000398107
10000000	6309.573445	0.000630957
10000000	10000	0.001
10000000	15848.93192	0.001584893
10000000	25118.86432	0.002511886
10000000	39810.71706	0.003981072
10000000	63095.73445	0.006309573
10000000	100000	0.01
10000000	158489.3192	0.015848932
10000000	251188.6432	0.025118864
10000000	398107.1706	0.039810717
10000000	630957.3445	0.063095734
10000000	1000000	0.1
10000000	1584893.192	0.158489319
10000000	2511886.432	0.251188643
10000000	3981071.706	0.398107171
10000000	6309573.445	0.630957345
10000000	10000000	1
10000000	15848931.92	0.630957345
10000000	25118864.32	0.39810717
10000000	39810717.06	0.251188643
10000000	63095734.45	0.158489319
10000000	100000000	0.1
10000000	158489319.2	0.063095734
10000000	251188643.2	0.039810717
10000000	398107170.6	0.025118864
10000000	630957344.5	0.015848932
10000000	1000000000	0.01
10000000	1584893192	0.006309573
10000000	2511886432	0.003981072
10000000	3981071706	0.002511886
10000000	6309573445	0.001584893
10000000	10000000000	0.001
15848931.92	1	6.30957E-08
15848931.92	1.584893192	0.0000001
15848931.92	2.511886432	1.58489E-07
15848931.92	3.981071706	2.51189E-07
15848931.92	6.309573445	3.98107E-07
15848931.92	10	6.30957E-07
15848931.92	15.84893192	0.000001
15848931.92	25.11886432	1.58489E-06
15848931.92	39.81071706	2.51189E-06
15848931.92	63.09573445	3.98107E-06
15848931.92	100	6.30957E-06
15848931.92	158.4893192	0.00001
15848931.92	251.1886432	1.58489E-05
15848931.92	398.1071706	2.51189E-05
15848931.92	630.9573445	3.98107E-05
15848931.92	1000	6.30957E-05
15848931.92	1584.893192	0.0001
15848931.92	2511.886432	0.000158489
15848931.92	3981.071706	0.000251189
15848931.92	6309.573445	0.000398107
15848931.92	10000	0.000630957
15848931.92	15848.93192	0.001
15848931.92	25118.86432	0.001584893
15848931.92	39810.71706	0.002511886
15848931.92	63095.73445	0.003981072
15848931.92	100000	0.006309573
15848931.92	158489.3192	0.01
15848931.92	251188.6432	0.015848932
15848931.92	398107.1706	0.025118864
15848931.92	630957.3445	0.039810717
15848931.92	1000000	0.063095734
15848931.92	1584893.192	0.1
15848931.92	2511886.432	0.158489319
15848931.92	3981071.706	0.251188643
15848931.92	6309573.445	0.398107171
15848931.92	10000000	0.630957345
15848931.92	15848931.92	1
15848931.92	25118864.32	0.630957344
15848931.92	39810717.06	0.39810717
15848931.92	63095734.45	0.251188643
15848931.92	100000000	0.158489319
15848931.92	158489319.2	0.1
15848931.92	251188643.2	0.063095734
15848931.92	398107170.6	0.039810717
15848931.92	630957344.5	0.025118864
15848931.92	1000000000	0.015848932
15848931.92	1584893192	0.01
15848931.92	2511886432	0.006309573
15848931.92	3981071706	0.003981072
15848931.92	6309573445	0.002511886
15848931.92	10000000000	0.001584893
25118864.32	1	3.98107E-08
25118864.32	1.584893192	6.30957E-08
25118864.32	2.511886432	0.0000001
25118864.32	3.981071706	1.58489E-07
25118864.32	6.309573445	2.51189E-07
25118864.32	10	3.98107E-07
25118864.32	15.84893192	6.30957E-07
25118864.32	25.11886432	0.000001
25118864.32	39.81071706	1.58489E-06
25118864.32	63.09573445	2.51189E-06
25118864.32	100	3.98107E-06
25118864.32	158.4893192	6.30957E-06
25118864.32	251.1886432	0.00001
25118864.32	398.1071706	1.58489E-05
25118864.32	630.9573445	2.51189E-05
25118864.32	1000	3.98107E-05
25118864.32	1584.893192	6.30957E-05
25118864.32	2511.886432	0.0001
25118864.32	3981.071706	0.000158489
25118864.32	6309.573445	0.000251189
25118864.32	10000	0.000398107
25118864.32	15848.93192	0.000630957
25118864.32	25118.86432	0.001
25118864.32	39810.71706	0.001584893
25118864.32	63095.73445	0.002511886
25118864.32	100000	0.003981072
25118864.32	158489.3192	0.006309573
25118864.32	251188.6432	0.01
25118864.32	398107.1706	0.015848932
25118864.32	630957.3445	0.025118864
25118864.32	1000000	0.039810717
25118864.32	1584893.192	0.063095734
25118864.32	2511886.432	0.1
25118864.32	3981071.706	0.158489319
25118864.32	6309573.445	0.251188643
25118864.32	10000000	0.39810717
25118864.32	15848931.92	0.630957344
25118864.32	25118864.32	1
25118864.32	39810717.06	0.630957345
25118864.32	63095734.45	0.398107171
25118864.32	100000000	0.251188643
25118864.32	158489319.2	0.158489319
25118864.32	251188643.2	0.1
25118864.32	398107170.6	0.063095734
25118864.32	630957344.5	0.039810717
25118864.32	1000000000	0.025118864
25118864.32	1584893192	0.015848932
25118864.32	2511886432	0.01
25118864.32	3981071706	0.006309573
25118864.32	6309573445	0.003981072
25118864.32	10000000000	0.002511886
39810717.06	1	2.51189E-08
39810717.06	1.584893192	3.98107E-08
39810717.06	2.511886432	6.30957E-08
39810717.06	3.981071706	0.0000001
39810717.06	6.309573445	1.58489E-07
39810717.06	10	2.51189E-07
39810717.06	15.84893192	3.98107E-07
39810717.06	25.11886432	6.30957E-07
39810717.06	39.81071706	0.000001
39810717.06	63.09573445	1.58489E-06
39810717.06	100	2.51189E-06
39810717.06	158.4893192	3.98107E-06
39810717.06	251.1886432	6.30957E-06
39810717.06	398.1071706	0.00001
39810717.06	630.9573445	1.58489E-05
39810717.06	1000	2.51189E-05
39810717.06	1584.893192	3.98107E-05
39810717.06	2511.886432	6.30957E-05
39810717.06	3981.071706	0.0001
39810717.06	6309.573445	0.000158489
39810717.06	10000	0.000251189
39810717.06	15848.93192	0.000398107
39810717.06	25118.86432	0.000630957
39810717.06	39810.71706	0.001
39810717.06	63095.73445	0.001584893
39810717.06	100000	0.002511886
39810717.06	158489.3192	0.003981072
39810717.06	251188.6432	0.006309573
39810717.06	398107.1706	0.01
39810717.06	630957.3445	0.015848932
39810717.06	1000000	0.025118864
39810717.06	1584893.192	0.039810717
39810717.06	2511886.432	0.063095734
39810717.06	3981071.706	0.1
39810717.06	6309573.445	0.158489319
39810717.06	10000000	0.251188643
39810717.06	15848931.92	0.39810717
39810717.06	25118864.32	0.630957345
39810717.06	39810717.06	1
39810717.06	63095734.45	0.630957345
39810717.06	100000000	0.398107171
39810717.06	158489319.2	0.251188643
39810717.06	251188643.2	0.158489319
39810717.06	398107170.6	0.1
39810717.06	630957344.5	0.063095734
39810717.06	1000000000	0.039810717
39810717.06	1584893192	0.025118864
39810717.06	2511886432	0.015848932
39810717.06	3981071706	0.01
39810717.06	6309573445	0.006309573
39810717.06	10000000000	0.003981072
63095734.45	1	1.58489E-08
63095734.45	1.584893192	2.51189E-08
63095734.45	2.511886432	3.98107E-08
63095734.45	3.981071706	6.30957E-08
63095734.45	6.309573445	0.0000001
63095734.45	10	1.58489E-07
63095734.45	15.84893192	2.51189E-07
63095734.45	25.11886432	3.98107E-07
63095734.45	39.81071706	6.30957E-07
63095734.45	63.09573445	0.000001
63095734.45	100	1.58489E-06
63095734.45	158.4893192	2.51189E-06
63095734.45	251.1886432	3.98107E-06
63095734.45	398.1071706	6.30957E-06
63095734.45	630.9573445	0.00001
63095734.45	1000	1.58489E-05
63095734.45	1584.893192	2.51189E-05
63095734.45	2511.886432	3.98107E-05
63095734.45	3981.071706	6.30957E-05
63095734.45	6309.573445	0.0001
63095734.45	10000	0.000158489
63095734.45	15848.93192	0.000251189
63095734.45	25118.86432	0.000398107
63095734.45	39810.71706	0.000630957
63095734.45	63095.73445	0.001
63095734.45	100000	0.001584893
63095734.45	158489.3192	0.002511886
63095734.45	251188.6432	0.003981072
63095734.45	398107.1706	0.006309573
63095734.45	630957.3445	0.01
63095734.45	1000000	0.015848932
63095734.45	1584893.192	0.025118864
63095734.45	2511886.432	0.039810717
63095734.45	3981071.706	0.063095734
63095734.45	6309573.445	0.1
63095734.45	10000000	0.158489319
63095734.45	15848931.92	0.251188643
63095734.45	25118864.32	0.398107171
63095734.45	39810717.06	0.630957345
63095734.45	63095734.45	1
63095734.45	100000000	0.630957345
63095734.45	158489319.2	0.398107171
63095734.45	251188643.2	0.251188643
63095734.45	398107170.6	0.158489319
63095734.45	630957344.5	0.1
63095734.45	1000000000	0.063095734
63095734.45	1584893192	0.039810717
63095734.45	2511886432	0.025118864
63095734.45	3981071706	0.015848932
63095734.45	6309573445	0.01
63095734.45	10000000000	0.006309573
100000000	1	0.00000001
100000000	1.584893192	1.58489E-08
100000000	2.511886432	2.51189E-08
100000000	3.981071706	3.98107E-08
100000000	6.309573445	6.30957E-08
100000000	10	0.0000001
100000000	15.84893192	1.58489E-07
100000000	25.11886432	2.51189E-07
100000000	39.81071706	3.98107E-07
100000000	63.09573445	6.30957E-07
100000000	100	0.000001
100000000	158.4893192	1.58489E-06
100000000	251.1886432	2.51189E-06
100000000	398.1071706	3.98107E-06
100000000	630.9573445	6.30957E-06
100000000	1000	0.00001
100000000	1584.893192	1.58489E-05
100000000	2511.886432	2.51189E-05
100000000	3981.071706	3.98107E-05
100000000	6309.573445	6.30957E-05
100000000	10000	0.0001
100000000	15848.93192	0.000158489
100000000	25118.86432	0.000251189
100000000	39810.71706	0.000398107
100000000	63095.73445	0.000630957
100000000	100000	0.001
100000000	158489.3192	0.001584893
100000000	251188.6432	0.002511886
100000000	398107.1706	0.003981072
100000000	630957.3445	0.006309573
100000000	1000000	0.01
100000000	1584893.192	0.015848932
100000000	2511886.432	0.025118864
100000000	3981071.706	0.039810717
100000000	6309573.445	0.063095734
100000000	10000000	0.1
100000000	15848931.92	0.158489319
100000000	25118864.32	0.251188643
100000000	39810717.06	0.398107171
100000000	63095734.45	0.630957345
100000000	100000000	1
100000000	158489319.2	0.630957345
100000000	251188643.2	0.39810717
100000000	398107170.6	0.251188643
100000000	630957344.5	0.158489319
100000000	1000000000	0.1
100000000	1584893192	0.063095734
100000000	2511886432	0.039810717
100000000	3981071706	0.025118864
100000000	6309573445	0.015848932
100000000	10000000000	0.01
158489319.2	1	6.30957E-09
158489319.2	1.584893192	0.00000001
158489319.2	2.511886432	1.58489E-08
158489319.2	3.981071706	2.51189E-08
158489319.2	6.309573445	3.98107E-08
158489319.2	10	6.30957E-08
158489319.2	15.84893192	0.0000001
158489319.2	25.11886432	1.58489E-07
158489319.2	39.81071706	2.51189E-07
158489319.2	63.09573445	3.98107E-07
158489319.2	100	6.30957E-07
158489319.2	158.4893192	0.000001
158489319.2	251.1886432	1.58489E-06
158489319.2	398.1071706	2.51189E-06
158489319.2	630.9573445	3.98107E-06
158489319.2	1000	6.30957E-06
158489319.2	1584.893192	0.00001
158489319.2	2511.886432	1.58489E-05
158489319.2	3981.071706	2.51189E-05
158489319.2	6309.573445	3.98107E-05
158489319.2	10000	6.30957E-05
158489319.2	15848.93192	0.0001
158489319.2	25118.86432	0.000158489
158489319.2	39810.71706	0.000251189
158489319.2	63095.73445	0.000398107
158489319.2	100000	0.000630957
158489319.2	158489.3192	0.001
158489319.2	251188.6432	0.001584893
158489319.2	398107.1706	0.002511886
158489319.2	630957.3445	0.003981072
158489319.2	1000000	0.006309573
158489319.2	1584893.192	0.01
158489319.2	2511886.432	0.015848932
158489319.2	3981071.706	0.025118864
158489319.2	6309573.445	0.039810717
158489319.2	10000000	0.063095734
158489319.2	15848931.92	0.1
158489319.2	25118864.32	0.158489319
158489319.2	39810717.06	0.251188643
158489319.2	63095734.45	0.398107171
158489319.2	100000000	0.630957345
158489319.2	158489319.2	1
158489319.2	251188643.2	0.630957344
158489319.2	398107170.6	0.39810717
158489319.2	630957344.5	0.251188643
158489319.2	1000000000	0.158489319
158489319.2	1584893192	0.1
158489319.2	2511886432	0.063095734
158489319.2	3981071706	0.039810717
158489319.2	6309573445	0.025118864
158489319.2	10000000000	0.015848932
251188643.2	1	3.98107E-09
251188643.2	1.584893192	6.30957E-09
251188643.2	2.511886432	0.00000001
251188643.2	3.981071706	1.58489E-08
251188643.2	6.309573445	2.51189E-08
251188643.2	10	3.98107E-08
251188643.2	15.84893192	6.30957E-08
251188643.2	25.11886432	0.0000001
251188643.2	39.81071706	1.58489E-07
251188643.2	63.09573445	2.51189E-07
251188643.2	100	3.98107E-07
251188643.2	158.4893192	6.30957E-07
251188643.2	251.1886432	0.000001
251188643.2	398.1071706	1.58489E-06
251188643.2	630.9573445	2.51189E-06
251188643.2	1000	3.98107E-06
251188643.2	1584.893192	6.30957E-06
251188643.2	2511.886432	0.00001
251188643.2	3981.071706	1.58489E-05
251188643.2	6309.573445	2.51189E-05
251188643.2	10000	3.98107E-05
251188643.2	15848.93192	6.30957E-05
251188643.2	25118.86432	0.0001
251188643.2	39810.71706	0.000158489
251188643.2	63095.73445	0.000251189
251188643.2	100000	0.000398107
251188643.2	158489.3192	0.000630957
251188643.2	251188.6432	0.001
251188643.2	398107.1706	0.001584893
251188643.2	630957.3445	0.002511886
251188643.2	1000000	0.003981072
251188643.2	1584893.192	0.006309573
251188643.2	2511886.432	0.01
251188643.2	3981071.706	0.015848932
251188643.2	6309573.445	0.025118864
251188643.2	10000000	0.039810717
251188643.2	15848931.92	0.063095734
251188643.2	25118864.32	0.1
251188643.2	39810717.06	0.158489319
251188643.2	63095734.45	0.251188643
251188643.2	100000000	0.39810717
251188643.2	158489319.2	0.630957344
251188643.2	251188643.2	1
251188643.2	398107170.6	0.630957345
251188643.2	630957344.5	0.398107171
251188643.2	1000000000	0.251188643
251188643.2	1584893192	0.158489319
251188643.2	2511886432	0.1
251188643.2	3981071706	0.063095734
251188643.2	6309573445	0.039810717
251188643.2	10000000000	0.025118864
398107170.6	1	2.51189E-09
398107170.6	1.584893192	3.98107E-09
398107170.6	2.511886432	6.30957E-09
398107170.6	3.981071706	0.00000001
398107170.6	6.309573445	1.58489E-08
398107170.6	10	2.51189E-08
398107170.6	15.84893192	3.98107E-08
398107170.6	25.11886432	6.30957E-08
398107170.6	39.81071706	0.0000001
398107170.6	63.09573445	1.58489E-07
398107170.6	100	2.51189E-07
398107170.6	158.4893192	3.98107E-07
398107170.6	251.1886432	6.30957E-07
398107170.6	398.1071706	0.000001
398107170.6	630.9573445	1.58489E-06
398107170.6	1000	2.51189E-06
398107170.6	1584.893192	3.98107E-06
398107170.6	2511.886432	6.30957E-06
398107170.6	3981.071706	0.00001
398107170.6	6309.573445	1.58489E-05
398107170.6	10000	2.51189E-05
398107170.6	15848.93192	3.98107E-05
398107170.6	25118.86432	6.30957E-05
398107170.6	39810.71706	0.0001
398107170.6	63095.73445	0.000158489
398107170.6	100000	0.000251189
398107170.6	158489.3192	0.000398107
398107170.6	251188.6432	0.000630957
398107170.6	398107.1706	0.001
398107170.6	630957.3445	0.001584893
398107170.6	1000000	0.002511886
398107170.6	1584893.192	0.003981072
398107170.6	2511886.432	0.006309573
398107170.6	3981071.706	0.01
398107170.6	6309573.445	0.015848932
398107170.6	10000000	0.025118864
398107170.6	15848931.92	0.039810717
398107170.6	25118864.32	0.063095734
398107170.6	39810717.06	0.1
398107170.6	63095734.45	0.158489319
398107170.6	100000000	0.251188643
398107170.6	158489319.2	0.39810717
398107170.6	251188643.2	0.630957345
398107170.6	398107170.6	1
398107170.6	630957344.5	0.630957345
398107170.6	1000000000	0.398107171
398107170.6	1584893192	0.251188643
398107170.6	2511886432	0.158489319
398107170.6	3981071706	0.1
398107170.6	6309573445	0.063095734
398107170.6	10000000000	0.039810717
630957344.5	1	1.58489E-09
630957344.5	1.584893192	2.51189E-09
630957344.5	2.511886432	3.98107E-09
630957344.5	3.981071706	6.30957E-09
630957344.5	6.309573445	0.00000001
630957344.5	10	1.58489E-08
630957344.5	15.84893192	2.51189E-08
630957344.5	25.11886432	3.98107E-08
630957344.5	39.81071706	6.30957E-08
630957344.5	63.09573445	0.0000001
630957344.5	100	1.58489E-07
630957344.5	158.4893192	2.51189E-07
630957344.5	251.1886432	3.98107E-07
630957344.5	398.1071706	6.30957E-07
630957344.5	630.9573445	0.000001
630957344.5	1000	1.58489E-06
630957344.5	1584.893192	2.51189E-06
630957344.5	2511.886432	3.98107E-06
630957344.5	3981.071706	6.30957E-06
630957344.5	6309.573445	0.00001
630957344.5	10000	1.58489E-05
630957344.5	15848.93192	2.51189E-05
630957344.5	25118.86432	3.98107E-05
630957344.5	39810.71706	6.30957E-05
630957344.5	63095.73445	0.0001
630957344.5	100000	0.000158489
630957344.5	158489.3192	0.000251189
630957344.5	251188.6432	0.000398107
630957344.5	398107.1706	0.000630957
630957344.5	630957.3445	0.001
630957344.5	1000000	0.001584893
630957344.5	1584893.192	0.002511886
630957344.5	2511886.432	0.003981072
630957344.5	3981071.706	0.006309573
630957344.5	6309573.445	0.01
630957344.5	10000000	0.015848932
630957344.5	15848931.92	0.025118864
630957344.5	25118864.32	0.039810717
630957344.5	39810717.06	0.063095734
630957344.5	63095734.45	0.1
630957344.5	100000000	0.158489319
630957344.5	158489319.2	0.251188643
630957344.5	251188643.2	0.398107171
630957344.5	398107170.6	0.630957345
630957344.5	630957344.5	1
630957344.5	1000000000	0.630957345
630957344.5	1584893192	0.398107171
630957344.5	2511886432	0.251188643
630957344.5	3981071706	0.158489319
630957344.5	6309573445	0.1
630957344.5	10000000000	0.063095734
1000000000	1	0.000000001
1000000000	1.584893192	1.58489E-09
1000000000	2.511886432	2.51189E-09
1000000000	3.981071706	3.98107E-09
1000000000	6.309573445	6.30957E-09
1000000000	10	0.00000001
1000000000	15.84893192	1.58489E-08
1000000000	25.11886432	2.51189E-08
1000000000	39.81071706	3.98107E-08
1000000000	63.09573445	6.30957E-08
1000000000	100	0.0000001
1000000000	158.4893192	1.58489E-07
1000000000	251.1886432	2.51189E-07
1000000000	398.1071706	3.98107E-07
1000000000	630.9573445	6.30957E-07
1000000000	1000	0.000001
1000000000	1584.893192	1.58489E-06
1000000000	2511.886432	2.51189E-06
1000000000	3981.071706	3.98107E-06
1000000000	6309.573445	6.30957E-06
1000000000	10000	0.00001
1000000000	15848.93192	1.58489E-05
1000000000	25118.86432	2.51189E-05
1000000000	39810.71706	3.98107E-05
1000000000	63095.73445	6.30957E-05
1000000000	100000	0.0001
1000000000	158489.3192	0.000158489
1000000000	251188.6432	0.000251189
1000000000	398107.1706	0.000398107
1000000000	630957.3445	0.000630957
1000000000	1000000	0.001
1000000000	1584893.192	0.001584893
1000000000	2511886.432	0.002511886
1000000000	3981071.706	0.003981072
1000000000	6309573.445	0.006309573
1000000000	10000000	0.01
1000000000	15848931.92	0.015848932
1000000000	25118864.32	0.025118864
1000000000	39810717.06	0.039810717
1000000000	63095734.45	0.063095734
1000000000	100000000	0.1
1000000000	158489319.2	0.158489319
1000000000	251188643.2	0.251188643
1000000000	398107170.6	0.398107171
1000000000	630957344.5	0.630957345
1000000000	1000000000	1
1000000000	1584893192	0.630957345
1000000000	2511886432	0.39810717
1000000000	3981071706	0.251188643
1000000000	6309573445	0.158489319
1000000000	10000000000	0.1
1584893192	1	6.30957E-10
1584893192	1.584893192	0.000000001
1584893192	2.511886432	1.58489E-09
1584893192	3.981071706	2.51189E-09
1584893192	6.309573445	3.98107E-09
1584893192	10	6.30957E-09
1584893192	15.84893192	0.00000001
1584893192	25.11886432	1.58489E-08
1584893192	39.81071706	2.51189E-08
1584893192	63.09573445	3.98107E-08
1584893192	100	6.30957E-08
1584893192	158.4893192	0.0000001
1584893192	251.1886432	1.58489E-07
1584893192	398.1071706	2.51189E-07
1584893192	630.9573445	3.98107E-07
1584893192	1000	6.30957E-07
1584893192	1584.893192	0.000001
1584893192	2511.886432	1.58489E-06
1584893192	3981.071706	2.51189E-06
1584893192	6309.573445	3.98107E-06
1584893192	10000	6.30957E-06
1584893192	15848.93192	0.00001
1584893192	25118.86432	1.58489E-05
1584893192	39810.71706	2.51189E-05
1584893192	63095.73445	3.98107E-05
1584893192	100000	6.30957E-05
1584893192	158489.3192	0.0001
1584893192	251188.6432	0.000158489
1584893192	398107.1706	0.000251189
1584893192	630957.3445	0.000398107
1584893192	1000000	0.000630957
1584893192	1584893.192	0.001
1584893192	2511886.432	0.001584893
1584893192	3981071.706	0.002511886
1584893192	6309573.445	0.003981072
1584893192	10000000	0.006309573
1584893192	15848931.92	0.01
1584893192	25118864.32	0.015848932
1584893192	39810717.06	0.025118864
1584893192	63095734.45	0.039810717
1584893192	100000000	0.063095734
1584893192	158489319.2	0.1
1584893192	251188643.2	0.158489319
1584893192	398107170.6	0.251188643
1584893192	630957344.5	0.398107171
1584893192	1000000000	0.630957345
1584893192	1584893192	1
1584893192	2511886432	0.630957344
1584893192	3981071706	0.39810717
1584893192	6309573445	0.251188643
1584893192	10000000000	0.158489319
2511886432	1	3.98107E-10
2511886432	1.584893192	6.30957E-10
2511886432	2.511886432	0.000000001
2511886432	3.981071706	1.58489E-09
2511886432	6.309573445	2.51189E-09
2511886432	10	3.98107E-09
2511886432	15.84893192	6.30957E-09
2511886432	25.11886432	0.00000001
2511886432	39.81071706	1.58489E-08
2511886432	63.09573445	2.51189E-08
2511886432	100	3.98107E-08
2511886432	158.4893192	6.30957E-08
2511886432	251.1886432	0.0000001
2511886432	398.1071706	1.58489E-07
2511886432	630.9573445	2.51189E-07
2511886432	1000	3.98107E-07
2511886432	1584.893192	6.30957E-07
2511886432	2511.886432	0.000001
2511886432	3981.071706	1.58489E-06
2511886432	6309.573445	2.51189E-06
2511886432	10000	3.98107E-06
2511886432	15848.93192	6.30957E-06
2511886432	25118.86432	0.00001
2511886432	39810.71706	1.58489E-05
2511886432	63095.73445	2.51189E-05
2511886432	100000	3.98107E-05
2511886432	158489.3192	6.30957E-05
2511886432	251188.6432	0.0001
2511886432	398107.1706	0.000158489
2511886432	630957.3445	0.000251189
2511886432	1000000	0.000398107
2511886432	1584893.192	0.000630957
2511886432	2511886.432	0.001
2511886432	3981071.706	0.001584893
2511886432	6309573.445	0.002511886
2511886432	10000000	0.003981072
2511886432	15848931.92	0.006309573
2511886432	25118864.32	0.01
2511886432	39810717.06	0.015848932
2511886432	63095734.45	0.025118864
2511886432	100000000	0.039810717
2511886432	158489319.2	0.063095734
2511886432	251188643.2	0.1
2511886432	398107170.6	0.158489319
2511886432	630957344.5	0.251188643
2511886432	1000000000	0.39810717
2511886432	1584893192	0.630957344
2511886432	2511886432	1
2511886432	3981071706	0.630957345
2511886432	6309573445	0.398107171
2511886432	10000000000	0.251188643
3981071706	1	2.51189E-10
3981071706	1.584893192	3.98107E-10
3981071706	2.511886432	6.30957E-10
3981071706	3.981071706	0.000000001
3981071706	6.309573445	1.58489E-09
3981071706	10	2.51189E-09
3981071706	15.84893192	3.98107E-09
3981071706	25.11886432	6.30957E-09
3981071706	39.81071706	0.00000001
3981071706	63.09573445	1.58489E-08
3981071706	100	2.51189E-08
3981071706	158.4893192	3.98107E-08
3981071706	251.1886432	6.30957E-08
3981071706	398.1071706	0.0000001
3981071706	630.9573445	1.58489E-07
3981071706	1000	2.51189E-07
3981071706	1584.893192	3.98107E-07
3981071706	2511.886432	6.30957E-07
3981071706	3981.071706	0.000001
3981071706	6309.573445	1.58489E-06
3981071706	10000	2.51189E-06
3981071706	15848.93192	3.98107E-06
3981071706	25118.86432	6.30957E-06
3981071706	39810.71706	0.00001
3981071706	63095.73445	1.58489E-05
3981071706	100000	2.51189E-05
3981071706	158489.3192	3.98107E-05
3981071706	251188.6432	6.30957E-05
3981071706	398107.1706	0.0001
3981071706	630957.3445	0.000158489
3981071706	1000000	0.000251189
3981071706	1584893.192	0.000398107
3981071706	2511886.432	0.000630957
3981071706	3981071.706	0.001
3981071706	6309573.445	0.001584893
3981071706	10000000	0.002511886
3981071706	15848931.92	0.003981072
3981071706	25118864.32	0.006309573
3981071706	39810717.06	0.01
3981071706	63095734.45	0.015848932
3981071706	100000000	0.025118864
3981071706	158489319.2	0.039810717
3981071706	251188643.2	0.063095734
3981071706	398107170.6	0.1
3981071706	630957344.5	0.158489319
3981071706	1000000000	0.251188643
3981071706	1584893192	0.39810717
3981071706	2511886432	0.630957345
3981071706	3981071706	1
3981071706	6309573445	0.630957345
3981071706	10000000000	0.398107171
6309573445	1	1.58489E-10
6309573445	1.584893192	2.51189E-10
6309573445	2.511886432	3.98107E-10
6309573445	3.981071706	6.30957E-10
6309573445	6.309573445	0.000000001
6309573445	10	1.58489E-09
6309573445	15.84893192	2.51189E-09
6309573445	25.11886432	3.98107E-09
6309573445	39.81071706	6.30957E-09
6309573445	63.09573445	0.00000001
6309573445	100	1.58489E-08
6309573445	158.4893192	2.51189E-08
6309573445	251.1886432	3.98107E-08
6309573445	398.1071706	6.30957E-08
6309573445	630.9573445	0.0000001
6309573445	1000	1.58489E-07
6309573445	1584.893192	2.51189E-07
6309573445	2511.886432	3.98107E-07
6309573445	3981.071706	6.30957E-07
6309573445	6309.573445	0.000001
6309573445	10000	1.58489E-06
6309573445	15848.93192	2.51189E-06
6309573445	25118.86432	3.98107E-06
6309573445	39810.71706	6.30957E-06
6309573445	63095.73445	0.00001
6309573445	100000	1.58489E-05
6309573445	158489.3192	2.51189E-05
6309573445	251188.6432	3.98107E-05
6309573445	398107.1706	6.30957E-05
6309573445	630957.3445	0.0001
6309573445	1000000	0.000158489
6309573445	1584893.192	0.000251189
6309573445	2511886.432	0.000398107
6309573445	3981071.706	0.000630957
6309573445	6309573.445	0.001
6309573445	10000000	0.001584893
6309573445	15848931.92	0.002511886
6309573445	25118864.32	0.003981072
6309573445	39810717.06	0.006309573
6309573445	63095734.45	0.01
6309573445	100000000	0.015848932
6309573445	158489319.2	0.025118864
6309573445	251188643.2	0.039810717
6309573445	398107170.6	0.063095734
6309573445	630957344.5	0.1
6309573445	1000000000	0.158489319
6309573445	1584893192	0.251188643
6309573445	2511886432	0.398107171
6309573445	3981071706	0.630957345
6309573445	6309573445	1
6309573445	10000000000	0.630957345
10000000000	1	1E-10
10000000000	1.584893192	1.58489E-10
10000000000	2.511886432	2.51189E-10
10000000000	3.981071706	3.98107E-10
10000000000	6.309573445	6.30957E-10
10000000000	10	0.000000001
10000000000	15.84893192	1.58489E-09
10000000000	25.11886432	2.51189E-09
10000000000	39.81071706	3.98107E-09
10000000000	63.09573445	6.30957E-09
10000000000	100	0.00000001
10000000000	158.4893192	1.58489E-08
10000000000	251.1886432	2.51189E-08
10000000000	398.1071706	3.98107E-08
10000000000	630.9573445	6.30957E-08
10000000000	1000	0.0000001
10000000000	1584.893192	1.58489E-07
10000000000	2511.886432	2.51189E-07
10000000000	3981.071706	3.98107E-07
10000000000	6309.573445	6.30957E-07
10000000000	10000	0.000001
10000000000	15848.93192	1.58489E-06
10000000000	25118.86432	2.51189E-06
10000000000	39810.71706	3.98107E-06
10000000000	63095.73445	6.30957E-06
10000000000	100000	0.00001
10000000000	158489.3192	1.58489E-05
10000000000	251188.6432	2.51189E-05
10000000000	398107.1706	3.98107E-05
10000000000	630957.3445	6.30957E-05
10000000000	1000000	0.0001
10000000000	1584893.192	0.000158489
10000000000	2511886.432	0.000251189
10000000000	3981071.706	0.000398107
10000000000	6309573.445	0.000630957
10000000000	10000000	0.001
10000000000	15848931.92	0.001584893
10000000000	25118864.32	0.002511886
10000000000	39810717.06	0.003981072
10000000000	63095734.45	0.006309573
10000000000	100000000	0.01
10000000000	158489319.2	0.015848932
10000000000	251188643.2	0.025118864
10000000000	398107170.6	0.039810717
10000000000	630957344.5	0.063095734
10000000000	1000000000	0.1
10000000000	1584893192	0.158489319
10000000000	2511886432	0.251188643
10000000000	3981071706	0.398107171
10000000000	6309573445	0.630957345
10000000000	10000000000	1
